v -0.000581696 -0.734665 -0.623267
v 0.000283538 -1 0.286843
v -0.117277 -0.973564 0.306907
v -0.382144 -0.890788 0.221243
v -0.247144 -0.942602 0.276051
v -0.656078 -0.718512 -0.109025
v -0.609847 -0.786562 0.0198068
v -0.66248 -0.632053 -0.244271
v -0.511812 -0.845392 0.127809
v -0.609326 -0.569868 -0.41571
v -0.426949 -0.649767 -0.567143
v -0.201076 -0.720822 -0.633205
v 0.117382 -0.973645 0.306766
v 0.382454 -0.890869 0.221097
v 0.247512 -0.942667 0.275986
v 0.656371 -0.718624 -0.109224
v 0.610273 -0.786562 0.0197893
v 0.66248 -0.631463 -0.244119
v 0.511631 -0.845357 0.127832
v 0.608654 -0.568839 -0.416318
v 0.424663 -0.649937 -0.567418
v 0.198972 -0.720968 -0.633141
v 0.153371 -0.140519 0.477416
v 0.134781 -0.14723 0.48805
v 0.131261 -0.132153 0.49872
v 0.14749 -0.135105 0.489565
v 0.000686924 -0.0534984 0.505694
v 0.075062 -0.0473306 0.49955
v 0.0695841 -0.0997942 0.550277
v 0.0302569 -0.0971868 0.55389
v 0.0745124 -0.135953 0.523215
v 0.0354892 -0.12785 0.535159
v 0.0389268 -0.109557 0.550558
v 0.0734835 -0.11538 0.538029
v 0.106386 -0.125623 0.51513
v 0.107415 -0.144295 0.5047
v 0.15968 -0.130861 0.484794
v 0.156224 -0.123705 0.486735
v 0.15792 -0.107798 0.4677
v 0.163784 -0.126996 0.470144
v 0.154687 -0.134655 0.486373
v 0.160668 -0.135649 0.476189
v 0.143433 -0.119034 0.499854
v 0.131606 -0.0726738 0.476148
v -0.000260156 -0.124553 0.539058
v -0.000646004 -0.110651 0.55444
v 0.100423 -0.10574 0.537643
v 0.126128 -0.115784 0.515598
v 0.250944 -0.275583 0.380381
v 0.221602 -0.335752 0.330174
v 0.275434 -0.301318 0.24751
v 0.307699 -0.239869 0.292356
v 0.332124 -0.0415605 0.412962
v 0.319444 0.00732526 0.451091
v 0.28667 -0.025805 0.481549
v 0.297006 -0.0758717 0.454242
v 0.357953 -0.159928 -0.223225
v 0.303981 -0.144611 -0.343644
v 0.296386 -0.0547553 -0.357792
v 0.357339 -0.0633433 -0.24278
v 0.45086 0.331215 0.047962
v 0.438899 0.336167 0.131147
v 0.447405 0.226107 0.139349
v 0.455613 0.205353 0.0827643
v 0.197493 -0.411308 0.138256
v 0.204911 -0.353378 0.2082
v 0.102001 -0.419375 0.24969
v 0.0995867 -0.475697 0.20834
v 0.150133 -0.372261 0.431226
v 0.176423 -0.362054 0.392056
v 0.196019 -0.326474 0.426929
v 0.154611 -0.348549 0.463444
v 0.0892273 -0.391968 0.303592
v 0.159013 -0.363737 0.305077
v 0.455712 0.508986 -0.0641442
v 0.432146 0.648411 -0.0417475
v 0.417051 0.611568 0.0817295
v 0.44205 0.483438 0.0478626
v 0.3446 0.43288 0.398633
v 0.372358 0.383369 0.353998
v 0.388341 0.404485 0.306953
v 0.355059 0.467372 0.356967
v 0.305162 0.338815 0.458112
v 0.298579 0.319803 0.456627
v 0.313422 0.304568 0.427776
v 0.323711 0.315968 0.429291
v 0.33161 0.397557 0.430226
v 0.354427 0.359727 0.390478
v 0.304162 0.291952 0.432377
v 0.292662 0.309771 0.452991
v 0.282934 0.292496 0.4562
v 0.292025 0.281663 0.435178
v 0.397344 0.565249 0.192585
v 0.42257 0.455996 0.145494
v 0.317848 0.364866 0.448834
v 0.340595 0.337517 0.417978
v 0.243227 0.479439 0.494236
v 0.250155 0.546138 0.465934
v 0.179019 0.560251 0.511681
v 0.170173 0.4781 0.536229
v 0.162386 0.410407 0.547009
v 0.235031 0.427051 0.517018
v 0.271745 0.634415 0.42162
v 0.196896 0.657291 0.472505
v 0.186589 0.312952 0.511073
v 0.189518 0.32493 0.514165
v 0.146286 0.31277 0.509009
v 0.144959 0.300178 0.501713
v 0.143965 0.300412 0.49409
v 0.187203 0.310596 0.506407
v 0.157744 0.364614 0.528804
v 0.216697 0.382527 0.516083
v 0.194441 0.332425 0.515989
v 0.204286 0.349818 0.516732
v 0.156254 0.334062 0.519579
v 0.151565 0.320341 0.513961
v 0.0431068 0.071791 0.618005
v 0.0477954 0.0867105 0.593486
v 0.0780844 0.0816652 0.602518
v 0.0574124 0.0746147 0.621185
v 0.448253 0.130656 0.149533
v 0.431801 0.159355 0.215905
v 0.422792 0.0771637 0.237185
v 0.428691 0.0348783 0.166914
v 0.365073 -0.0526507 0.316126
v 0.326974 -0.104793 0.373068
v 0.312773 -0.172965 0.33446
v 0.368107 -0.126698 0.269222
v 0.203695 -0.131796 0.523934
v 0.180463 -0.136479 0.525396
v 0.182848 -0.14892 0.516989
v 0.204163 -0.152533 0.514914
v 0.39379 0.00616771 0.269368
v 0.40177 -0.0591341 0.209048
v 0.26083 -0.0996422 0.484274
v 0.250406 -0.0552171 0.50321
v 0.15851 -0.136292 0.498474
v 0.155032 -0.134684 0.502964
v 0.145006 -0.133819 0.514504
v 0.171033 -0.12032 0.538263
v 0.158849 -0.127938 0.534943
v 0.167969 -0.138075 0.523788
v 0.232061 -0.151474 0.497024
v 0.23074 -0.117128 0.507191
v 0.365798 0.221617 0.362743
v 0.342501 0.235507 0.392185
v 0.325951 0.202558 0.415114
v 0.359268 0.178677 0.383229
v 0.352369 0.0489033 0.417452
v 0.322262 0.0907619 0.44953
v 0.295322 0.04895 0.483251
v 0.367108 0.00328555 0.369771
v 0.138972 -0.18796 0.555521
v 0.161562 -0.177794 0.535913
v 0.154015 -0.155093 0.536392
v 0.136131 -0.156414 0.558491
v 0.220263 -0.08194 0.518603
v 0.202088 -0.0486753 0.52791
v 0.17564 -0.0814314 0.545822
v 0.193131 -0.106435 0.533575
v 0.199492 -0.169714 0.509722
v 0.190033 -0.188183 0.514668
v 0.207302 -0.213011 0.492721
v 0.222415 -0.183044 0.489617
v 0.125088 -0.132884 0.551294
v 0.144497 -0.139192 0.530254
v 0.135014 0.119128 0.544717
v 0.119534 0.149685 0.554253
v 0.096915 0.171211 0.569382
v 0.112553 0.137432 0.569616
v 0.0878476 0.217858 0.555667
v 0.0649773 0.232128 0.568628
v 0.073466 0.185119 0.584571
v 0.116359 0.191199 0.548932
v 0.111419 0.228591 0.524951
v 0.0858774 0.255408 0.530312
v 0.301408 0.0368718 -0.387812
v 0.366839 0.037626 -0.269538
v 0.272125 -0.199781 0.399533
v 0.246349 -0.195514 0.453266
v 0.223339 -0.243049 0.450553
v 0.364021 -0.197455 0.21335
v 0.411416 -0.124798 0.140589
v 0.431568 -0.0028997 0.0907502
v 0.449346 0.11075 0.0889086
v 0.0649948 0.777167 0.432594
v 0.133465 0.770619 0.418569
v 0.14341 0.869244 0.301253
v 0.0689586 0.877043 0.315395
v 0.305372 0.809321 0.22043
v 0.289307 0.723856 0.335524
v 0.355187 0.660735 0.264773
v 0.372264 0.728258 0.148528
v 0.382308 0.7766 0.0116631
v 0.0971488 0.470588 0.557912
v 0.110788 0.565185 0.534317
v 0.100113 0.277828 0.510938
v 0.10966 0.248679 0.503771
v 0.0443988 0.240822 0.58581
v 0.0522151 0.193614 0.604337
v 0.052601 0.564735 0.541859
v 0.123726 0.667896 0.498907
v 0.0597976 0.671147 0.508711
v 0.0466729 0.466215 0.561034
v 0.000423846 0.462807 0.558988
v -0.00017831 0.388326 0.563478
v 0.0352086 0.389069 0.560584
v 0.000833078 0.56384 0.544139
v 0.295773 0.426823 0.470722
v 0.301706 0.464689 0.451056
v 0.189957 0.181465 0.501181
v 0.186163 0.208931 0.491956
v 0.141574 0.222722 0.500509
v 0.146526 0.195338 0.518293
v 0.111986 0.0116865 0.562811
v 0.111343 0.0404672 0.565769
v 0.0577164 0.0420398 0.577988
v 0.0656438 -0.00796249 0.596918
v 0.147695 0.0440509 0.537258
v 0.144778 0.0631738 0.538491
v 0.0268719 -0.0140834 0.602378
v 0.0270356 -0.0372401 0.622027
v 0.0876429 -0.0456996 0.601127
v 0.183093 0.146552 0.519439
v 0.148589 0.164593 0.536819
v 0.147344 0.131095 0.542934
v 0.176733 0.112264 0.532435
v -0.000394618 -0.0441035 0.617625
v -0.000260156 -0.0187662 0.600677
v 0.165058 0.0770935 0.530856
v 0.148554 0.0982976 0.535562
v 0.116476 0.272829 0.494797
v 0.119084 0.26261 0.493569
v 0.120873 0.268971 0.480883
v 0.11761 0.27287 0.484221
v 0.224695 0.848444 0.271198
v 0.231324 0.918189 0.121063
v 0.14614 0.9439 0.150241
v 0.241894 0.945736 -0.185803
v 0.156043 0.976475 -0.183418
v 0.146906 0.980702 -0.0177607
v 0.23195 0.948285 -0.0402158
v 0.0684324 0.995189 -0.00981573
v 0.0682103 0.955014 0.162933
v 0.0891571 0.383649 0.555118
v 0.110613 0.336412 0.528863
v 0.122749 0.310759 0.512914
v 0.147081 -0.111919 0.55631
v 0.158656 -0.0994551 0.55786
v 0.0939743 0.0869969 0.616333
v 0.101206 0.119326 0.615532
v 0.0670469 0.122121 0.645885
v 0.0560853 0.0831385 0.640601
v 0.0795284 0.0820978 0.567845
v 0.0337354 0.0564741 0.595059
v 0.0854448 -0.103577 0.606979
v 0.0826211 -0.0671141 0.612931
v 0.0280704 -0.0555854 0.637736
v 0.0319698 -0.0970874 0.628212
v 0.0789964 -0.121811 0.579602
v 0.0327415 -0.116959 0.594106
v 0.0216981 0.0173339 0.585915
v -0.00123062 -0.095585 0.625704
v -0.000511542 -0.0598999 0.637227
v -0.00157555 -0.115643 0.593966
v -0.000219233 -0.0988881 0.554498
v 0.0291929 0.0853015 0.665324
v 0.0352671 0.124524 0.666125
v 0.0371846 0.159004 0.648446
v 0.0654158 0.154462 0.629171
v 0.0280178 0.19967 0.620548
v 0.0221015 0.245843 0.59797
v 0.0432997 0.281499 0.556866
v 0.0222008 0.28717 0.567459
v -0.000400465 0.125745 0.673871
v -0.00057585 0.0822265 0.675105
v -0.000347849 0.160916 0.656029
v 0.367195 0.315074 0.363767
v 0.346658 0.302744 0.393991
v 0.344389 0.266656 0.384439
v 0.371726 0.266504 0.352507
v 0.40246 0.429197 0.234116
v 0.422126 0.335763 0.207276
v 0.393316 0.264083 0.313887
v 0.387102 0.325737 0.325369
v 0.3274 0.295928 0.408636
v 0.316392 0.29076 0.418709
v 0.3085 0.274624 0.423199
v 0.323636 0.272379 0.406602
v 0.429381 0.244458 0.204002
v 0.407084 0.332408 0.277313
v 0.410597 0.257869 0.266264
v -0.0012657 -0.456867 0.290093
v -0.00137093 -0.520579 0.266159
v 0.154137 -0.304206 0.500479
v 0.193482 -0.282873 0.473493
v 0.186367 -0.242201 0.509588
v 0.148993 -0.26399 0.525367
v 0.110332 -0.274916 0.545857
v 0.099347 -0.233134 0.560204
v 0.0558865 -0.227615 0.569605
v 0.0659185 -0.270006 0.563817
v 0.154687 -0.142577 0.51838
v 0.159498 -0.143009 0.513072
v 0.154646 -0.138239 0.502496
v 0.149045 -0.137596 0.50639
v 0.15958 -0.138174 0.517463
v 0.161574 -0.141559 0.511657
v 0.0940387 -0.129288 0.582226
v 0.109215 -0.12609 0.531844
v 0.0782715 -0.117578 0.557129
v 0.264817 0.0151299 0.501573
v 0.280122 0.127096 0.47057
v 0.262508 0.0886748 0.494464
v 0.187613 0.050926 0.529248
v 0.207829 0.0868157 0.523449
v 0.231821 -0.0170182 0.518246
v 0.304138 0.164985 0.443485
v 0.343004 0.132813 0.418235
v 0.313621 0.250742 0.418382
v 0.290815 0.22492 0.444303
v 0.355269 -0.194146 0.0276407
v 0.388534 -0.179618 0.0746089
v 0.336544 -0.25083 0.156379
v 0.29365 -0.279868 0.104617
v 0.389288 0.153006 0.345258
v 0.39155 0.205715 0.320166
v 0.127262 0.566927 -0.64996
v 0.000868155 0.562946 -0.661419
v 0.000850617 0.724441 -0.605705
v 0.118774 0.725955 -0.596105
v 0.21095 0.754513 0.387525
v 0.133734 -0.133188 0.514651
v 0.131302 -0.13393 0.53047
v 0.0671053 -0.326445 0.551902
v 0.0661056 -0.374553 0.504765
v 0.117289 -0.365439 0.489939
v 0.116552 -0.318792 0.528974
v 0.288249 -0.135286 0.424736
v 0.39393 0.0544045 0.33225
v 0.374655 0.0965379 0.38044
v 0.000792155 1 -0.0074948
v 0.0731795 0.993937 -0.182792
v 0.000868155 0.999152 -0.181886
v 0.179405 0.936399 -0.330549
v 0.0842755 0.953459 -0.338026
v 0.141767 0.271455 0.486238
v 0.139978 0.267433 0.490862
v 0.175908 0.259465 0.501362
v 0.175312 0.263359 0.495861
v 0.181597 0.230187 0.495539
v 0.140253 0.240576 0.495341
v 0.336982 0.587763 0.356927
v 0.312043 0.518258 0.416183
v 0.259971 0.350203 0.495411
v 0.250763 0.331028 0.496036
v 0.114179 0.255893 0.495902
v 0.111069 0.276518 0.499456
v 0.125433 0.293116 0.500415
v 0.124965 0.282353 0.489968
v 0.13906 0.254928 0.497457
v 0.17737 0.2462 0.50062
v 0.121796 0.272327 0.47658
v 0.149548 0.0847578 0.549377
v 0.142825 -0.226381 0.544992
v 0.106181 -0.197232 0.576871
v 0.258193 -0.146669 0.465227
v 0.2105 0.0188071 0.525711
v 0.181041 -0.0155508 0.531721
v 0.173453 -0.168949 0.5218
v 0.180322 -0.15877 0.514949
v 0.168554 -0.150118 0.516667
v 0.163082 -0.153579 0.523344
v 0.139124 -0.128733 0.545343
v 0.152348 -0.134468 0.527471
v 0.416192 -0.0714636 0.0335278
v 0.0220956 0.0520719 0.640232
v 0.0361615 0.0619695 0.628476
v -0.000283541 0.202056 0.62768
v 0.0869063 -0.0493125 -0.489641
v 0.192289 -0.0534399 -0.447186
v 0.192003 -0.134672 -0.429197
v 0.0851642 -0.130335 -0.46373
v 0.236434 0.310245 0.495686
v 0.237714 0.31211 0.497539
v 0.244636 0.32534 0.496212
v 0.121253 0.281932 0.477293
v 0.173149 -0.207241 0.528208
v -0.000242618 0.247989 0.603612
v -0.00037708 0.28838 0.571697
v 0.108496 -0.160507 0.588207
v 0.0613995 -0.166388 0.620127
v 0.0634222 -0.199565 0.59462
v 0.0893734 0.151176 0.600127
v 0.122124 0.0729427 0.596088
v 0.0993528 0.072475 0.584781
v 0.108315 0.0599584 0.583916
v 0.133524 0.0551528 0.575778
v 0.13315 0.107517 0.580426
v 0.274937 0.384257 0.485735
v 0.170606 -0.145383 0.517205
v 0.0464391 -0.130399 0.611931
v 0.0392892 -0.113439 0.575094
v -0.00161647 -0.112428 0.579865
v -0.00351648 -0.131685 0.617859
v 0.0194356 0.03489 0.601858
v -0.000564158 0.0478802 0.644208
v -2.04632e-05 0.0350303 0.598835
v 0.222163 0.246884 0.4972
v 0.217802 0.257547 0.498129
v 0.293159 0.278716 0.430419
v 0.302852 0.281932 0.427367
v 0.285209 0.277366 0.434932
v 0.289307 0.275834 0.436551
v 0.290061 0.280494 0.427963
v -0.000225079 -0.384287 0.444245
v 0.0651001 -0.383883 0.440585
v -0.000891543 -0.364076 0.502426
v 0.116576 -0.381784 0.436341
v 0.363734 0.712842 -0.467571
v 0.32166 0.832542 -0.392653
v 0.376508 0.821429 -0.265451
v 0.427095 0.698004 -0.319575
v 0.27178 0.90956 -0.29643
v 0.310423 0.901357 -0.210644
v 0.441869 0.677005 -0.175175
v 0.389019 0.807076 -0.128411
v 0.313311 0.894506 -0.0788532
v 0.12783 -0.376125 0.378248
v 0.0722266 -0.391483 0.37664
v 0.125579 0.302411 0.505741
v 0.101656 0.861358 -0.486525
v 0.214084 0.849981 -0.463327
v 0.2467 0.723207 -0.559263
v 0.104913 0.117397 -0.600268
v 0.221579 0.117865 -0.555159
v 0.200848 0.0268164 -0.488992
v 0.0944011 0.0271204 -0.539134
v 0.391141 0.144178 -0.303545
v 0.331241 0.130393 -0.444613
v 0.360829 0.250357 -0.491155
v 0.424003 0.258021 -0.333419
v 0.000868155 0.23912 -0.655479
v 0.00089154 0.393909 -0.675105
v 0.125626 0.397949 -0.664716
v 0.115418 0.240453 -0.645617
v 0.452175 0.547687 -0.348309
v 0.450217 0.395605 -0.350776
v 0.383015 0.40193 -0.511868
v 0.3854 0.562496 -0.506472
v 0.464078 0.52881 -0.195929
v 0.311698 0.866351 0.071908
v -9.64635e-05 -0.406882 0.376985
v 0.373883 -0.18312 -0.115123
v 0.389189 -0.0789467 -0.141776
v 0.247109 0.197607 0.47589
v 0.22891 0.231497 0.489717
v 0.121077 -0.116725 0.574393
v 0.125626 -0.0895459 0.583057
v 0.110548 -0.128452 0.555428
v 0.000710309 0.959638 0.167019
v 0.000710309 0.881206 0.320973
v 0.224163 0.124079 0.505215
v 0.255305 0.260798 0.480649
v 0.25188 0.263516 0.478322
v 0.214891 0.26119 0.49413
v 0.116476 0.273741 0.475423
v 0.290704 0.283902 0.433377
v 0.29641 0.299523 0.422813
v 0.29406 0.288222 0.418078
v 0.142655 0.263364 0.482467
v 0.121638 0.267831 0.470296
v 0.171711 0.256898 0.489693
v 0.246864 0.257401 0.473821
v 0.274311 0.271648 0.453301
v 0.274539 0.26862 0.446654
v 0.233686 0.331104 0.49074
v 0.187548 0.326632 0.49682
v 0.296971 0.273928 0.433476
v 0.134067 -0.0744861 0.577333
v 0.237434 0.052867 0.514604
v 0.0637905 0.27076 0.54346
v 0.375421 0.514218 0.287328
v 0.353808 -0.333437 -0.190615
v 0.349365 -0.276331 -0.333858
v 0.323337 -0.214946 -0.338453
v 0.356725 -0.247925 -0.205557
v -0.000330311 -0.581268 0.237302
v 0.092922 -0.548418 0.185458
v 0.394783 -0.0876049 -0.0664009
v 0.358315 -0.197624 -0.02995
v 0.292785 -0.321493 0.0377429
v 0.395175 -0.0904345 -0.0143524
v 0.243385 0.243183 -0.602957
v 0.000587539 -0.0451091 -0.498205
v 0.000751232 0.030862 -0.55154
v 0.000809694 0.11928 -0.61144
v 0.000850617 0.862837 -0.491295
v 0.000868155 0.958527 -0.339277
v 0.000423846 -0.128189 -0.469085
v 0.264186 0.56961 -0.608026
v 0.35127 -0.283317 -0.0863656
v 0.196201 -0.209591 -0.418785
v 0.0873097 -0.206341 -0.44839
v 0.000488154 -0.206259 -0.449945
v 0.263397 0.402579 -0.621226
v 0.456683 0.384813 -0.0591516
v 0.457776 0.372302 -0.191281
v 0.000850617 0.671351 0.512487
v 0.000809694 0.77919 0.437668
v 0.408656 0.116286 0.298547
v 0.295913 0.259781 0.439334
v 0.285355 0.265481 0.449775
v 0.278766 0.270035 0.454663
v 0.128946 -0.0227065 0.564741
v 0.16203 0.016989 0.534633
v 0.0985987 0.0583799 0.58087
v 0.0538462 0.323165 0.543729
v 0.0794758 0.301522 0.528465
v -0.00330601 -0.197759 0.600525
v -0.000511542 -0.225551 0.572931
v -0.00456879 -0.164231 0.628277
v -0.000336157 -0.26392 0.574381
v -0.000768774 -0.325515 0.55686
v 0.269921 0.242499 0.464742
v 0.260573 0.253022 0.476072
v 0.235066 0.15963 0.493271
v 0.411369 0.186119 0.273583
v 0.000178307 0.0131539 0.584682
v 0.153436 -0.0554568 0.55786
v 0.0264569 0.331747 0.554112
v -0.000342003 0.332998 0.557743
v 0.285589 0.277974 0.428156
v 0.184795 -0.499655 0.1217
v 0.332808 -0.386298 -0.0699261
v 0.20739 -0.274419 -0.415909
v 0.0927467 -0.274308 -0.43723
v 0.278029 -0.438791 0.0475586
v 0.000505693 -0.27722 -0.43768
v 0.438191 0.12488 -0.0367783
v 0.460214 0.163208 -0.055258
v 0.485388 0.177437 -0.0277343
v 0.472304 0.161641 -0.00367724
v 0.496244 0.232684 -0.0170708
v 0.477425 0.247036 0.00446648
v 0.517015 0.298681 -0.0523876
v 0.492233 0.31788 -0.0441737
v 0.53425 0.316407 -0.124009
v 0.511491 0.332595 -0.129276
v 0.535904 0.290111 -0.170685
v 0.511128 0.30365 -0.186838
v 0.538611 0.228878 -0.193017
v 0.511286 0.231199 -0.218992
v 0.520242 0.128838 -0.191421
v 0.490433 0.122168 -0.208603
v 0.487562 0.00951757 -0.0819458
v 0.472286 -0.00658864 -0.0930419
v 0.47079 0.0399937 -0.154257
v 0.496437 0.0472722 -0.136917
v 0.485142 -0.0247586 -0.0238758
v 0.46129 -0.0429694 -0.0334343
v 0.474888 0.238927 -0.0419989
v 0.495232 0.289088 -0.0628581
v 0.508398 0.299996 -0.11766
v 0.51311 0.283323 -0.158478
v 0.514642 0.235303 -0.176531
v 0.501751 0.136134 -0.181559
v 0.486025 0.0533522 -0.11859
v 0.486451 0.0268164 -0.067155
v 0.482529 0.0136625 -0.0120607
v 0.464265 0.0280383 0.0249515
v 0.457519 -0.0185791 0.0196256
v 0.442769 0.0582571 -0.0293244
v 0.45632 0.0847169 -0.0600578
v 0.442465 0.0842785 -0.0209644
v 0.459612 0.268106 0.0209995
v 0.458559 0.182857 0.0414318
v 0.463026 0.318488 -0.0446005
v 0.470222 0.311835 -0.142898
v 0.455063 0.232836 -0.195221
v 0.43839 0.13186 -0.191088
v 0.424564 0.0473131 -0.148417
v 0.423447 -0.00471202 -0.0897563
v 0.425377 -0.0292075 -0.0262143
v 0.430714 -0.0102191 0.0297161
v 0.446335 0.0345567 0.0460036
v 0.475607 0.129364 -0.0864649
v 0.482611 0.0600636 -0.0525396
v 0.481517 0.0827175 -0.101349
v 0.470503 0.0444835 -0.0133527
v 0.479278 0.0776957 0.00471786
v 0.504692 0.223938 -0.101723
v 0.50375 0.131866 -0.1473
v 0.45452 0.100016 0.0450097
v 0.403623 0.0251386 -0.16934
v 0.414719 0.138607 -0.218957
v 0.435461 0.249632 -0.229924
v -0.000201695 -0.407876 0.310666
v 0.000347846 -0.171521 0.505794
v 0.0884205 -0.186598 0.484028
v 0.141147 -0.173807 0.465513
v 0.159878 -0.142255 0.458644
v 0.152483 -0.116468 0.431278
v 0.0708352 0.0121893 0.376371
v 0.128069 -0.116368 0.360528
v 0.143994 -0.166791 0.41184
v 0.0748398 -0.218144 0.372349
v 0.280941 0.292858 0.454897
v 0.281356 0.319879 0.451494
v 0.127268 0.269088 0.455435
v 0.116921 0.284697 0.447653
v 0.119996 0.274998 0.469126
v 0.15699 0.254759 0.466326
v 0.265916 0.273601 0.421176
v 0.214885 0.253946 0.455259
v 0.141223 0.313133 0.482117
v 0.211436 0.255823 0.486852
v 0.277135 0.302686 0.410799
v 0.252505 0.333881 0.433599
v 0.202023 0.342182 0.464578
v 0.11989 0.295816 0.471196
v 0.146526 0.322539 0.455943
v 0.126292 0.301838 0.454973
v 0.119744 0.284878 0.469419
v 0.00103185 0.0191579 0.374711
v 0.000909079 -0.205715 0.379849
v 0.0536357 -0.100847 0.27211
v 0.00103185 -0.098929 0.27128
v 0.255463 -0.398733 -0.446098
v 0.412907 -0.372688 -0.332858
v 0.452596 -0.41557 -0.353559
v 0.293329 -0.465367 -0.476007
v 0.0815337 -0.637104 0.176286
v 0.0726358 -0.738524 0.179519
v 0.174763 -0.714911 0.155526
v 0.172032 -0.601823 0.129884
v 0.380782 -0.504069 -0.184377
v 0.357368 -0.419095 -0.180384
v 0.337538 -0.494803 -0.0548371
v 0.372989 -0.619402 -0.0373571
v 0.453578 -0.652661 -0.0939539
v 0.452351 -0.545892 -0.196981
v 0.173576 -0.814197 0.195654
v 0.0739044 -0.845866 0.20734
v 0.0964414 -0.904976 0.254455
v 0.197703 -0.864562 0.243353
v 0.519564 -0.487407 -0.384801
v 0.555004 -0.584226 -0.219366
v 0.451357 -0.731555 -0.0215899
v 0.382594 -0.74824 0.0443666
v 0.439805 -0.799196 0.0975376
v 0.519108 -0.768071 -0.00769357
v 0.274837 -0.806199 0.115503
v 0.320508 -0.838061 0.183769
v 0.354533 -0.544232 -0.525256
v 0.162503 -0.604343 -0.559076
v 0.131098 -0.496837 -0.498761
v 0.115161 -0.410103 -0.457756
v -0.00017831 -0.492774 -0.504192
v 2.046e-05 -0.40666 -0.465186
v -0.000482311 -0.600531 -0.555322
v 0.546217 -0.696736 -0.117257
v 0.22746 -0.332063 -0.424345
v 0.101627 -0.33885 -0.437002
v 0.280193 -0.554165 0.0658922
v 0.274843 -0.684891 0.0781517
v 0.000347846 -0.34199 -0.438165
v 0.000733693 -0.746364 0.176765
v 0.000312769 -0.874904 0.179121
v 0.378648 -0.322586 -0.326994
v -0.000114002 -0.940246 0.234262
v 0.000979233 -0.650317 0.207112
v -0.130513 -0.13217 0.498924
v -0.133687 -0.14723 0.488109
v -0.15222 -0.140519 0.477457
v -0.14666 -0.13514 0.489746
v -0.0697653 -0.0999404 0.550318
v -0.0736414 -0.0473131 0.499649
v -0.0305784 -0.0972511 0.55389
v -0.0396517 -0.109762 0.550014
v -0.0358517 -0.127727 0.53534
v -0.0742493 -0.135994 0.523315
v -0.0733373 -0.115561 0.537643
v -0.106766 -0.144336 0.504823
v -0.106281 -0.125786 0.515779
v -0.156505 -0.107798 0.467782
v -0.155611 -0.123682 0.486899
v -0.159311 -0.130796 0.484958
v -0.162872 -0.126996 0.470243
v -0.159919 -0.135625 0.47627
v -0.154055 -0.134696 0.486513
v -0.142597 -0.118993 0.499994
v -0.130051 -0.0726738 0.476189
v -0.10054 -0.105798 0.538111
v -0.125684 -0.115824 0.51596
v -0.274604 -0.301394 0.247527
v -0.220831 -0.335775 0.330215
v -0.250102 -0.275554 0.380393
v -0.3066 -0.239804 0.292309
v -0.284302 -0.0258401 0.479772
v -0.319479 0.00809111 0.449577
v -0.331873 -0.0412272 0.412243
v -0.293674 -0.0747667 0.452418
v -0.294668 -0.0547787 -0.357622
v -0.302063 -0.144319 -0.34334
v -0.356012 -0.159916 -0.223184
v -0.355474 -0.0633082 -0.24271
v -0.447241 0.22613 0.139332
v -0.437922 0.336149 0.131124
v -0.449486 0.331215 0.047962
v -0.454982 0.205353 0.0827818
v -0.103311 -0.419241 0.249936
v -0.203701 -0.353384 0.208147
v -0.196966 -0.411506 0.138841
v -0.101797 -0.475733 0.208638
v -0.196499 -0.327216 0.427455
v -0.176283 -0.362363 0.392138
v -0.150331 -0.372548 0.431378
v -0.155575 -0.349484 0.46435
v -0.0890109 -0.391945 0.303855
v -0.158306 -0.363848 0.305182
v -0.415613 0.611627 0.0817705
v -0.430808 0.648493 -0.0417066
v -0.45411 0.508986 -0.0641209
v -0.440308 0.483438 0.0478393
v -0.389808 0.40462 0.306977
v -0.375935 0.38348 0.354021
v -0.34643 0.433026 0.398499
v -0.354807 0.467378 0.356891
v -0.317409 0.30382 0.429121
v -0.30173 0.320499 0.456861
v -0.309295 0.339493 0.457756
v -0.328406 0.316144 0.429519
v -0.358297 0.360101 0.389344
v -0.335684 0.397733 0.427864
v -0.285156 0.29304 0.457387
v -0.294212 0.310695 0.451757
v -0.307675 0.294425 0.430781
v -0.29475 0.281949 0.435698
v -0.421091 0.455996 0.145494
v -0.395403 0.565208 0.19252
v -0.321999 0.364421 0.449238
v -0.345494 0.336792 0.417218
v -0.178165 0.560672 0.512335
v -0.249354 0.546354 0.466589
v -0.243286 0.479638 0.494943
v -0.170168 0.4781 0.536796
v -0.164123 0.410647 0.547114
v -0.236966 0.427297 0.516007
v -0.270669 0.634748 0.422187
v -0.195815 0.657882 0.47347
v -0.14597 0.313039 0.508126
v -0.18946 0.324971 0.513312
v -0.186823 0.312829 0.511757
v -0.144895 0.300213 0.501871
v -0.186911 0.310514 0.506612
v -0.143462 0.300341 0.494353
v -0.160048 0.365076 0.528073
v -0.219468 0.382854 0.516404
v -0.15782 0.334506 0.520076
v -0.205952 0.349935 0.517012
v -0.195236 0.332495 0.516264
v -0.151653 0.320785 0.513142
v -0.0805691 0.0827468 0.603261
v -0.0493739 0.08878 0.593591
v -0.0448723 0.0732117 0.617958
v -0.0594819 0.0761932 0.621314
v -0.422927 0.0771812 0.237185
v -0.432205 0.159355 0.215905
v -0.448112 0.130656 0.149516
v -0.4282 0.0348607 0.166897
v -0.311779 -0.172912 0.334378
v -0.324787 -0.103758 0.371735
v -0.364851 -0.052639 0.316097
v -0.367254 -0.126698 0.269146
v -0.183918 -0.149136 0.51793
v -0.182024 -0.137865 0.527822
v -0.205163 -0.131463 0.524127
v -0.205514 -0.152071 0.514943
v -0.39379 0.00614433 0.269368
v -0.400951 -0.0591282 0.208995
v -0.261011 -0.0993382 0.483865
v -0.25102 -0.0551177 0.50328
v -0.158849 -0.136444 0.499199
v -0.155155 -0.134784 0.503397
v -0.145304 -0.133848 0.514902
v -0.160802 -0.128394 0.536919
v -0.173424 -0.121349 0.541327
v -0.169156 -0.138478 0.524928
v -0.232096 -0.116964 0.50767
v -0.232727 -0.151188 0.49696
v -0.326085 0.202611 0.415651
v -0.34094 0.235683 0.392156
v -0.367727 0.221336 0.359031
v -0.358829 0.177595 0.3841
v -0.295603 0.0501836 0.478632
v -0.32232 0.0902006 0.449922
v -0.351843 0.04895 0.416686
v -0.367248 0.00336155 0.369624
v -0.156137 -0.154941 0.536878
v -0.165134 -0.177028 0.538193
v -0.144573 -0.187364 0.558725
v -0.140533 -0.155882 0.559046
v -0.17761 -0.0804258 0.547933
v -0.201667 -0.0484356 0.526945
v -0.22024 -0.0817529 0.517585
v -0.195826 -0.106131 0.536439
v -0.207794 -0.213087 0.493049
v -0.191711 -0.188305 0.515551
v -0.201111 -0.170071 0.510745
v -0.223385 -0.183243 0.490178
v -0.128595 -0.132761 0.551212
v -0.145777 -0.139513 0.530605
v -0.0971664 0.171538 0.569909
v -0.120048 0.150182 0.555387
v -0.13557 0.119437 0.545004
v -0.113103 0.137432 0.569453
v -0.0653573 0.232432 0.569575
v -0.08745 0.217992 0.556468
v -0.0739395 0.185388 0.584933
v -0.0855266 0.255554 0.53095
v -0.110583 0.228714 0.525501
v -0.115915 0.191404 0.5495
v -0.300099 0.0366964 -0.387999
v -0.364734 0.0377897 -0.269357
v -0.223181 -0.243207 0.45081
v -0.246139 -0.195666 0.45347
v -0.271201 -0.199869 0.399446
v -0.362846 -0.197443 0.213286
v -0.410176 -0.124757 0.140565
v -0.430404 -0.00290555 0.0907385
v -0.448779 0.11075 0.0889086
v -0.142135 0.869847 0.301633
v -0.132167 0.771303 0.419317
v -0.0633989 0.777407 0.43288
v -0.0675789 0.877324 0.315577
v -0.353469 0.660735 0.264732
v -0.2875 0.723792 0.335465
v -0.30353 0.809117 0.220313
v -0.37099 0.728422 0.148627
v -0.381016 0.776764 0.0117274
v -0.0996744 0.472587 0.557146
v -0.109525 0.565325 0.53475
v -0.100294 0.277787 0.511248
v -0.108689 0.248457 0.503268
v -0.0528874 0.193947 0.604898
v -0.0453926 0.241125 0.586705
v -0.12255 0.668732 0.500514
v -0.0511336 0.564922 0.542589
v -0.0582191 0.671655 0.50974
v -0.0440363 0.465776 0.561151
v -0.0361966 0.388923 0.562367
v -0.301894 0.466338 0.448542
v -0.295831 0.424807 0.472166
v -0.140867 0.22264 0.499754
v -0.185742 0.209381 0.492394
v -0.186338 0.179495 0.502724
v -0.145859 0.19535 0.519018
v -0.0600022 0.0437294 0.578309
v -0.113337 0.0407946 0.564875
v -0.114196 0.0121659 0.564255
v -0.0686019 -0.00676987 0.598064
v -0.143661 0.0637116 0.537807
v -0.147607 0.0440217 0.535469
v -0.0907706 -0.0459919 0.600525
v -0.0300113 -0.0346152 0.623594
v -0.028047 -0.0138554 0.603173
v -0.148028 0.131527 0.5437
v -0.148519 0.164868 0.537322
v -0.183164 0.146873 0.520193
v -0.176978 0.112363 0.532908
v -0.147823 0.0979234 0.535574
v -0.165064 0.0766492 0.532955
v -0.120107 0.268649 0.480825
v -0.118558 0.262394 0.493353
v -0.115979 0.27287 0.494434
v -0.116476 0.272952 0.483859
v -0.229115 0.916634 0.120496
v -0.223379 0.848952 0.271461
v -0.145146 0.945128 0.150709
v -0.145409 0.980883 -0.0176788
v -0.154278 0.976311 -0.1834
v -0.240088 0.945514 -0.185786
v -0.230512 0.948548 -0.0401515
v -0.0669533 0.995411 -0.00979819
v -0.0669124 0.955581 0.163097
v -0.0891746 0.383199 0.554861
v -0.112226 0.336757 0.527307
v -0.123381 0.311174 0.513382
v -0.149484 -0.111966 0.558549
v -0.160264 -0.0991219 0.559216
v -0.0695139 0.122828 0.646821
v -0.103574 0.1197 0.616608
v -0.0967747 0.0873945 0.617683
v -0.0583127 0.0845006 0.640951
v -0.0810075 0.0824603 0.567973
v -0.0347818 0.058339 0.594989
v -0.031812 -0.0520134 0.636181
v -0.0876079 -0.0656701 0.61341
v -0.0905251 -0.101683 0.607529
v -0.0378686 -0.0937434 0.629054
v -0.0836617 -0.122507 0.579642
v -0.0385351 -0.11728 0.594673
v -0.0223295 0.0177081 0.586652
v -0.0307538 0.0864766 0.665646
v -0.0369098 0.125196 0.667078
v -0.0659946 0.154643 0.629212
v -0.0379446 0.159028 0.648136
v -0.0287544 0.19984 0.620642
v -0.0228205 0.245931 0.598298
v -0.0444456 0.281523 0.558544
v -0.0233467 0.287164 0.569581
v -0.348774 0.267521 0.384632
v -0.352083 0.30296 0.39367
v -0.371253 0.315308 0.363077
v -0.374871 0.266369 0.352501
v -0.422202 0.335746 0.207253
v -0.401928 0.429197 0.234116
v -0.395345 0.264083 0.313998
v -0.391071 0.32586 0.325679
v -0.312703 0.275793 0.421661
v -0.320315 0.291642 0.417107
v -0.332077 0.295173 0.409057
v -0.327599 0.271742 0.406824
v -0.429802 0.244434 0.203979
v -0.409282 0.332454 0.277442
v -0.411848 0.257886 0.266369
v -0.187414 -0.242265 0.510307
v -0.193763 -0.283183 0.474066
v -0.155254 -0.304954 0.501777
v -0.149998 -0.264183 0.526518
v -0.0567108 -0.227311 0.569523
v -0.101124 -0.233508 0.561461
v -0.11039 -0.27508 0.546021
v -0.066205 -0.270351 0.564711
v -0.154225 -0.138052 0.502391
v -0.159867 -0.142787 0.513271
v -0.15533 -0.142366 0.518626
v -0.148566 -0.137426 0.506285
v -0.160416 -0.138344 0.518258
v -0.161965 -0.141513 0.511996
v -0.110811 -0.126394 0.533276
v -0.10089 -0.129879 0.583501
v -0.0809374 -0.117865 0.558397
v -0.263876 0.014785 0.500935
v -0.26083 0.088932 0.49537
v -0.279702 0.127055 0.470506
v -0.207764 0.0867397 0.523776
v -0.187729 0.0509786 0.529558
v -0.232096 -0.0167025 0.518065
v -0.344056 0.133304 0.417078
v -0.302046 0.166376 0.445239
v -0.292551 0.225429 0.44414
v -0.316041 0.250468 0.418475
v -0.335386 -0.250836 0.156385
v -0.387207 -0.179618 0.074568
v -0.353755 -0.194151 0.0276524
v -0.292388 -0.279891 0.104617
v -0.392211 0.205733 0.320201
v -0.386651 0.150025 0.344942
v -0.126064 0.567371 -0.651942
v -0.117096 0.725914 -0.596082
v -0.209068 0.754227 0.387245
v -0.134091 -0.133281 0.515294
v -0.132384 -0.133778 0.530774
v -0.118289 -0.366228 0.490722
v -0.0673742 -0.375085 0.505343
v -0.0685259 -0.327012 0.553422
v -0.117722 -0.319453 0.530388
v -0.287793 -0.13528 0.424643
v -0.375234 0.0965671 0.380457
v -0.394351 0.054463 0.33218
v -0.0714373 0.993797 -0.182751
v -0.0825568 0.953558 -0.338084
v -0.177458 0.935674 -0.330221
v -0.176961 0.259482 0.501637
v -0.139651 0.267463 0.490903
v -0.141176 0.271537 0.486156
v -0.175792 0.263446 0.495797
v -0.139621 0.240295 0.49489
v -0.181918 0.230053 0.49499
v -0.335299 0.587722 0.356851
v -0.311189 0.51838 0.416464
v -0.263028 0.350391 0.495528
v -0.252435 0.331198 0.496568
v -0.111168 0.276448 0.500608
v -0.113553 0.255671 0.49582
v -0.124754 0.293525 0.500263
v -0.124275 0.282616 0.489933
v -0.138587 0.254671 0.496603
v -0.17851 0.246346 0.500783
v -0.120744 0.272286 0.476557
v -0.150635 0.0843194 0.549231
v -0.110981 -0.197039 0.578654
v -0.145877 -0.226522 0.547184
v -0.257825 -0.146365 0.464946
v -0.181813 -0.015013 0.533586
v -0.21057 0.0188715 0.525811
v -0.169226 -0.14996 0.516989
v -0.181743 -0.1588 0.515902
v -0.175376 -0.168545 0.522911
v -0.163813 -0.153415 0.52335
v -0.140253 -0.128364 0.545887
v -0.153091 -0.134363 0.527834
v -0.414608 -0.0714286 0.0335337
v -0.0376523 0.063203 0.628721
v -0.0232707 0.0530365 0.640016
v -0.190483 -0.134521 -0.42891
v -0.190425 -0.0530365 -0.446291
v -0.0856669 -0.0492716 -0.489617
v -0.0841703 -0.13027 -0.463549
v -0.238743 0.312729 0.498784
v -0.236568 0.310718 0.495914
v -0.245034 0.325784 0.495083
v -0.120311 0.281967 0.47734
v -0.176107 -0.207054 0.530523
v -0.114635 -0.15994 0.588938
v -0.0702155 -0.19877 0.595006
v -0.0735478 -0.165324 0.619338
v -0.0899814 0.151661 0.600396
v -0.111016 0.0572925 0.58557
v -0.101867 0.0715163 0.586237
v -0.127064 0.0733753 0.597824
v -0.136833 0.0543987 0.574241
v -0.135833 0.107312 0.581379
v -0.278287 0.38386 0.485911
v -0.171226 -0.145371 0.517737
v -0.0426215 -0.114106 0.575498
v -0.0575293 -0.131258 0.610721
v -0.0203535 0.0339429 0.602828
v -0.224215 0.246978 0.496697
v -0.219644 0.257664 0.498129
v -0.308126 0.284604 0.426215
v -0.296275 0.279026 0.430641
v -0.291721 0.275554 0.437358
v -0.286612 0.276705 0.435172
v -0.291949 0.280143 0.428238
v -0.065825 -0.384532 0.440825
v -0.11702 -0.382428 0.436651
v -0.374667 0.821265 -0.265393
v -0.3198 0.831958 -0.392208
v -0.362179 0.712818 -0.467507
v -0.425879 0.698185 -0.319692
v -0.269938 0.909215 -0.296313
v -0.308015 0.900609 -0.210562
v -0.440407 0.677046 -0.175192
v -0.387417 0.807117 -0.128411
v -0.312037 0.894728 -0.0788123
v -0.0720161 -0.391612 0.376675
v -0.127765 -0.376523 0.378341
v -0.124801 0.303066 0.504835
v -0.0997913 0.860855 -0.486022
v -0.212687 0.850449 -0.463771
v -0.245244 0.723306 -0.559461
v -0.199083 0.0271847 -0.488407
v -0.21986 0.118005 -0.554936
v -0.10327 0.117479 -0.600127
v -0.0928636 0.0273016 -0.53883
v -0.389259 0.144254 -0.303446
v -0.329178 0.130557 -0.444432
v -0.359227 0.250316 -0.491237
v -0.422325 0.258021 -0.333419
v -0.123907 0.397932 -0.664658
v -0.113699 0.240517 -0.645459
v -0.381641 0.401913 -0.512072
v -0.448592 0.395605 -0.3508
v -0.450574 0.547705 -0.348333
v -0.384366 0.562601 -0.506817
v -0.462722 0.528827 -0.195952
v -0.310604 0.866976 0.0721301
v -0.372013 -0.183143 -0.115123
v -0.387686 -0.0789994 -0.141781
v -0.2476 0.197566 0.475487
v -0.230342 0.231532 0.488372
v -0.129238 -0.0890256 0.584927
v -0.123544 -0.115971 0.574872
v -0.114588 -0.128867 0.557082
v -0.221702 0.122764 0.506442
v -0.216107 0.26119 0.49413
v -0.253242 0.263207 0.478422
v -0.256568 0.260547 0.479737
v -0.115342 0.273619 0.475323
v -0.298743 0.299903 0.422953
v -0.291698 0.283732 0.432722
v -0.295854 0.288181 0.418253
v -0.142059 0.263388 0.482491
v -0.120428 0.267802 0.470325
v -0.172108 0.256934 0.489641
v -0.275083 0.271584 0.453242
v -0.248582 0.25684 0.473757
v -0.275001 0.268573 0.446274
v -0.234253 0.331396 0.490634
v -0.187624 0.326819 0.49717
v -0.300292 0.274694 0.432944
v -0.135658 -0.0739483 0.577444
v -0.237428 0.052791 0.514919
v -0.0645564 0.270789 0.544612
v -0.373819 0.514195 0.287264
v -0.321852 -0.214718 -0.338184
v -0.348166 -0.27584 -0.333396
v -0.352171 -0.333378 -0.190533
v -0.354936 -0.247872 -0.205511
v -0.0936937 -0.549137 0.186785
v -0.35669 -0.197653 -0.0299733
v -0.393228 -0.0876225 -0.0664009
v -0.29161 -0.321499 0.0380294
v -0.393638 -0.0904403 -0.014329
v -0.241608 0.243201 -0.602916
v -0.263209 0.569914 -0.609242
v -0.349441 -0.283282 -0.0863831
v -0.194821 -0.209504 -0.418674
v -0.0862925 -0.206323 -0.448413
v -0.261795 0.402579 -0.621448
v -0.456233 0.372302 -0.191263
v -0.455245 0.384813 -0.0591282
v -0.408072 0.116608 0.297155
v -0.298661 0.260278 0.439147
v -0.287606 0.265861 0.450068
v -0.279696 0.270216 0.454289
v -0.162731 0.0172638 0.536515
v -0.13087 -0.0222973 0.565699
v -0.101475 0.0572691 0.580946
v -0.0809198 0.301049 0.528407
v -0.0556351 0.322972 0.54498
v -0.272306 0.242932 0.464508
v -0.262964 0.253017 0.476001
v -0.233067 0.158607 0.487893
v -0.412053 0.186142 0.273695
v -0.154815 -0.0532762 0.55793
v -0.0277489 0.331782 0.556427
v -0.286179 0.277611 0.427928
v -0.183941 -0.499632 0.122144
v -0.331493 -0.386257 -0.0698735
v -0.206238 -0.274279 -0.416026
v -0.0915482 -0.274332 -0.437317
v -0.277193 -0.438779 0.0481257
v -0.484037 0.177414 -0.0276816
v -0.458618 0.163319 -0.0553633
v -0.437233 0.124752 -0.0367315
v -0.471526 0.1616 -0.00366555
v -0.476232 0.247018 0.00445479
v -0.494987 0.232631 -0.0169773
v -0.491035 0.317921 -0.0441971
v -0.515688 0.298728 -0.0523583
v -0.510175 0.332513 -0.1293
v -0.532917 0.316524 -0.12405
v -0.50993 0.303592 -0.186815
v -0.534671 0.290233 -0.170849
v -0.510152 0.231181 -0.21891
v -0.537459 0.228895 -0.193058
v -0.48934 0.122068 -0.20872
v -0.519208 0.128879 -0.191363
v -0.469632 0.0399528 -0.15424
v -0.470766 -0.00661202 -0.0930419
v -0.486142 0.00947665 -0.0819458
v -0.495221 0.0472722 -0.1369
v -0.459705 -0.0431682 -0.033446
v -0.483546 -0.0248521 -0.0238816
v -0.494011 0.289082 -0.0628932
v -0.473502 0.238904 -0.0420457
v -0.507246 0.300137 -0.117724
v -0.512134 0.2833 -0.158502
v -0.513712 0.235303 -0.176549
v -0.50102 0.136093 -0.181582
v -0.485095 0.0532704 -0.118549
v -0.485253 0.0267755 -0.0671726
v -0.481172 0.0136801 -0.012201
v -0.456127 -0.0187428 0.0196958
v -0.462909 0.027933 0.024969
v -0.454923 0.0845591 -0.060163
v -0.441284 0.0577602 -0.0294063
v -0.440921 0.0840388 -0.0210813
v -0.457712 0.18288 0.0414318
v -0.458378 0.268123 0.0210228
v -0.461588 0.318505 -0.044618
v -0.468843 0.311858 -0.142898
v -0.453707 0.232836 -0.195204
v -0.436969 0.13182 -0.191047
v -0.423167 0.0473306 -0.148288
v -0.421945 -0.00467109 -0.089692
v -0.423991 -0.0291198 -0.0260915
v -0.429434 -0.0102776 0.0297746
v -0.445242 0.0345158 0.0460211
v -0.481617 0.0602039 -0.0524227
v -0.474104 0.129276 -0.0866754
v -0.480325 0.0824545 -0.101285
v -0.469474 0.0446648 -0.013376
v -0.478167 0.0776431 0.00467109
v -0.503592 0.223961 -0.101887
v -0.502575 0.131983 -0.147242
v -0.453707 0.0999988 0.0450097
v -0.413357 0.138549 -0.218945
v -0.402232 0.0251035 -0.169299
v -0.434023 0.249632 -0.229901
v -0.0871226 -0.186639 0.484069
v -0.139686 -0.173807 0.465537
v -0.158481 -0.142278 0.458685
v -0.0688299 0.0121893 0.376371
v -0.150805 -0.116468 0.431278
v -0.126228 -0.116368 0.360528
v -0.142316 -0.166791 0.41184
v -0.0730392 -0.218144 0.372349
v -0.282087 0.293548 0.454716
v -0.283513 0.320341 0.45129
v -0.124398 0.285323 0.452968
v -0.126795 0.269175 0.455978
v -0.119353 0.275057 0.469524
v -0.156265 0.2548 0.466332
v -0.265074 0.27356 0.421036
v -0.214762 0.253899 0.455218
v -0.141855 0.312577 0.484315
v -0.212745 0.255776 0.486875
v -0.277117 0.302621 0.410811
v -0.252014 0.333887 0.433371
v -0.20141 0.342405 0.464461
v -0.120767 0.295565 0.473184
v -0.145333 0.322832 0.456154
v -0.126041 0.301873 0.455785
v -0.119879 0.284837 0.470541
v -0.0516539 -0.100847 0.27211
v -0.454245 -0.41571 -0.353027
v -0.413392 -0.372097 -0.332203
v -0.255785 -0.398019 -0.4467
v -0.294685 -0.464338 -0.476902
v -0.174388 -0.714777 0.156607
v -0.0715543 -0.738454 0.180284
v -0.0798266 -0.636725 0.177765
v -0.171536 -0.601788 0.131147
v -0.337345 -0.494639 -0.0546091
v -0.355094 -0.419334 -0.180442
v -0.379665 -0.504905 -0.184915
v -0.373053 -0.619338 -0.0373044
v -0.45328 -0.545816 -0.197379
v -0.454128 -0.653065 -0.0942754
v -0.0965876 -0.904778 0.254759
v -0.0736004 -0.845567 0.20775
v -0.172974 -0.81408 0.195975
v -0.1973 -0.864375 0.243622
v -0.520961 -0.488138 -0.3841
v -0.556272 -0.584635 -0.21946
v -0.439238 -0.799155 0.0975785
v -0.381694 -0.748264 0.0442672
v -0.45103 -0.731883 -0.0219173
v -0.519067 -0.768135 -0.0077988
v -0.273785 -0.806328 0.115322
v -0.319391 -0.83802 0.183769
v -0.163088 -0.604103 -0.559421
v -0.356672 -0.543712 -0.525361
v -0.131226 -0.496761 -0.498854
v -0.114629 -0.410074 -0.45775
v -0.546533 -0.697291 -0.117619
v -0.100633 -0.33885 -0.437013
v -0.22677 -0.331835 -0.424707
v -0.274931 -0.684651 0.0790578
v -0.28021 -0.553908 0.0669913
v -0.378028 -0.321668 -0.326088
v 0.172833 0.300014 0.41564
v -0.171097 0.299996 0.415616
f 24 25 26
f 24 26 23
f 28 29 30
f 28 30 27
f 32 33 34
f 32 34 31
f 36 31 34
f 36 34 35
f 36 35 25
f 36 25 24
f 38 39 40
f 38 40 37
f 42 23 26
f 42 26 41
f 40 42 41
f 40 41 37
f 38 43 44
f 38 44 39
f 32 45 46
f 32 46 33
f 28 44 48
f 28 48 47
f 50 51 52
f 50 52 49
f 54 55 56
f 54 56 53
f 58 59 60
f 58 60 57
f 62 63 64
f 62 64 61
f 66 67 68
f 66 68 65
f 70 71 72
f 70 72 69
f 67 66 74
f 67 74 73
f 66 51 50
f 66 50 74
f 76 77 78
f 76 78 75
f 80 81 82
f 80 82 79
f 84 85 86
f 84 86 83
f 87 88 80
f 87 80 79
f 90 91 92
f 90 92 89
f 93 94 78
f 93 78 77
f 87 95 96
f 87 96 88
f 98 99 100
f 98 100 97
f 100 101 102
f 100 102 97
f 98 103 104
f 98 104 99
f 106 107 108
f 106 108 105
f 109 110 105
f 109 105 108
f 101 111 112
f 101 112 102
f 114 115 116
f 114 116 113
f 118 119 120
f 118 120 117
f 122 123 124
f 122 124 121
f 126 127 128
f 126 128 125
f 130 131 132
f 130 132 129
f 125 128 134
f 125 134 133
f 56 55 136
f 56 136 135
f 37 137 138
f 37 138 38
f 139 43 38
f 139 38 138
f 140 141 142
f 140 142 130
f 144 129 132
f 144 132 143
f 146 147 148
f 146 148 145
f 150 151 54
f 150 54 149
f 54 53 152
f 54 152 149
f 154 155 156
f 154 156 153
f 158 159 160
f 158 160 157
f 162 163 164
f 162 164 161
f 129 144 157
f 129 157 160
f 156 155 166
f 156 166 165
f 168 169 170
f 168 170 167
f 171 172 173
f 171 173 169
f 175 176 171
f 175 171 174
f 59 177 178
f 59 178 60
f 180 181 49
f 180 49 179
f 127 52 182
f 127 182 128
f 134 183 184
f 134 184 124
f 185 121 124
f 185 124 184
f 187 188 189
f 187 189 186
f 191 192 193
f 191 193 190
f 76 194 193
f 76 193 77
f 100 99 196
f 100 196 195
f 176 175 198
f 176 198 197
f 199 200 173
f 199 173 172
f 196 202 203
f 196 203 201
f 205 206 207
f 205 207 204
f 208 205 204
f 208 204 201
f 210 97 102
f 210 102 209
f 79 210 209
f 79 209 87
f 212 213 214
f 212 214 211
f 216 217 218
f 216 218 215
f 220 216 215
f 220 215 219
f 222 223 218
f 222 218 221
f 225 226 227
f 225 227 224
f 222 221 229
f 222 229 228
f 230 231 220
f 230 220 219
f 227 226 231
f 227 231 230
f 233 234 235
f 233 235 232
f 186 203 202
f 186 202 187
f 236 237 238
f 236 238 188
f 240 241 242
f 240 242 239
f 241 243 244
f 241 244 238
f 245 101 100
f 245 100 195
f 195 204 207
f 195 207 245
f 111 246 247
f 111 247 115
f 141 140 249
f 141 249 248
f 251 252 253
f 251 253 250
f 254 118 255
f 254 255 217
f 257 258 259
f 257 259 256
f 256 259 261
f 256 261 260
f 260 261 30
f 260 30 29
f 218 217 262
f 218 262 221
f 259 258 264
f 259 264 263
f 266 30 261
f 266 261 265
f 253 252 268
f 253 268 267
f 270 200 271
f 270 271 269
f 199 272 271
f 199 271 200
f 199 273 274
f 199 274 272
f 276 267 268
f 276 268 275
f 275 268 269
f 275 269 277
f 93 77 193
f 93 193 192
f 279 280 281
f 279 281 278
f 278 88 96
f 278 96 279
f 282 283 62
f 282 62 94
f 281 284 285
f 281 285 278
f 287 288 289
f 287 289 286
f 63 62 283
f 63 283 290
f 283 291 292
f 283 292 290
f 293 294 68
f 293 68 67
f 296 297 298
f 296 298 295
f 300 301 302
f 300 302 299
f 304 305 306
f 304 306 303
f 138 137 308
f 138 308 307
f 165 310 311
f 165 311 309
f 312 55 54
f 312 54 151
f 314 151 150
f 314 150 313
f 315 316 227
f 315 227 230
f 136 317 158
f 136 158 157
f 319 148 147
f 319 147 318
f 320 321 147
f 320 147 146
f 323 324 325
f 323 325 322
f 80 88 278
f 80 278 285
f 327 145 148
f 327 148 326
f 279 286 289
f 279 289 280
f 329 330 331
f 329 331 328
f 187 202 104
f 187 104 332
f 236 332 191
f 236 191 190
f 165 166 333
f 165 333 310
f 139 334 48
f 139 48 43
f 336 337 338
f 336 338 335
f 51 324 182
f 51 182 52
f 339 126 53
f 339 53 56
f 340 341 149
f 340 149 152
f 243 343 344
f 243 344 342
f 346 343 240
f 346 240 345
f 348 349 350
f 348 350 347
f 351 352 213
f 351 213 212
f 128 182 183
f 128 183 134
f 103 98 354
f 103 354 353
f 114 113 356
f 114 356 355
f 358 197 198
f 358 198 357
f 107 359 360
f 107 360 108
f 348 361 362
f 348 362 349
f 347 363 234
f 347 234 348
f 220 231 167
f 220 167 364
f 153 366 300
f 153 300 365
f 295 72 71
f 295 71 296
f 179 339 367
f 179 367 180
f 368 369 158
f 368 158 317
f 317 136 55
f 317 55 312
f 371 372 373
f 371 373 370
f 41 26 306
f 41 306 305
f 305 137 37
f 305 37 41
f 248 374 375
f 248 375 141
f 66 325 324
f 66 324 51
f 183 323 376
f 183 376 184
f 378 253 267
f 378 267 377
f 269 271 379
f 269 379 277
f 381 382 383
f 381 383 380
f 384 385 105
f 384 105 110
f 105 385 386
f 105 386 106
f 360 387 109
f 360 109 108
f 181 180 164
f 181 164 163
f 365 388 154
f 365 154 153
f 168 167 231
f 168 231 226
f 81 291 283
f 81 283 282
f 272 389 379
f 272 379 271
f 274 390 389
f 274 389 272
f 139 375 374
f 139 374 334
f 391 366 153
f 391 153 156
f 392 393 366
f 392 366 391
f 173 200 270
f 173 270 394
f 301 300 366
f 301 366 393
f 396 397 398
f 396 398 395
f 399 364 167
f 399 167 170
f 394 251 399
f 394 399 170
f 270 252 251
f 270 251 394
f 102 112 400
f 102 400 209
f 131 401 372
f 131 372 371
f 391 156 165
f 391 165 309
f 403 404 405
f 403 405 402
f 402 392 391
f 402 391 309
f 35 310 333
f 35 333 25
f 35 34 311
f 35 311 310
f 34 33 403
f 34 403 311
f 406 262 217
f 406 217 255
f 377 407 408
f 377 408 406
f 117 378 255
f 117 255 118
f 270 269 268
f 270 268 252
f 304 303 373
f 304 373 372
f 362 409 410
f 362 410 349
f 411 412 89
f 411 89 92
f 414 411 415
f 414 415 413
f 417 336 418
f 417 418 416
f 337 419 69
f 337 69 72
f 421 422 423
f 421 423 420
f 421 424 425
f 421 425 422
f 423 422 427
f 423 427 426
f 239 242 428
f 239 428 425
f 430 73 74
f 430 74 429
f 70 69 419
f 70 419 429
f 247 431 116
f 247 116 115
f 346 345 433
f 346 433 432
f 433 421 420
f 433 420 434
f 436 437 438
f 436 438 435
f 437 381 380
f 437 380 438
f 178 177 440
f 178 440 439
f 440 441 442
f 440 442 439
f 444 445 446
f 444 446 443
f 324 323 183
f 324 183 182
f 213 352 357
f 213 357 198
f 214 175 174
f 214 174 225
f 448 449 450
f 448 450 447
f 423 426 451
f 423 451 447
f 75 451 426
f 75 426 76
f 78 94 62
f 78 62 61
f 286 86 85
f 286 85 287
f 95 87 209
f 95 209 400
f 237 452 428
f 237 428 242
f 190 193 194
f 190 194 452
f 237 236 190
f 237 190 452
f 79 82 354
f 79 354 210
f 286 279 96
f 286 96 86
f 430 417 416
f 430 416 453
f 338 295 298
f 338 298 299
f 57 60 455
f 57 455 454
f 212 456 457
f 212 457 351
f 83 355 356
f 83 356 84
f 142 141 375
f 142 375 307
f 401 142 307
f 401 307 308
f 459 257 256
f 459 256 458
f 228 264 258
f 228 258 222
f 256 260 460
f 256 460 458
f 460 260 29
f 460 29 47
f 263 265 261
f 263 261 259
f 461 462 189
f 461 189 244
f 227 316 463
f 227 463 224
f 465 466 410
f 465 410 464
f 90 386 385
f 90 385 91
f 233 361 348
f 233 348 234
f 235 234 363
f 235 363 467
f 338 337 72
f 338 72 295
f 338 299 302
f 338 302 335
f 468 469 470
f 468 470 415
f 347 471 472
f 347 472 363
f 471 347 350
f 471 350 473
f 465 475 476
f 465 476 474
f 384 110 478
f 384 478 477
f 414 479 412
f 414 412 411
f 288 287 412
f 288 412 479
f 85 84 90
f 85 90 89
f 386 356 113
f 386 113 106
f 232 358 357
f 232 357 233
f 297 296 181
f 297 181 163
f 419 337 336
f 419 336 417
f 49 52 127
f 49 127 179
f 26 25 333
f 26 333 306
f 371 370 162
f 371 162 161
f 258 257 223
f 258 223 222
f 257 459 480
f 257 480 223
f 211 214 225
f 211 225 224
f 316 481 314
f 316 314 463
f 171 169 168
f 171 168 174
f 273 199 172
f 273 172 482
f 168 226 225
f 168 225 174
f 245 246 111
f 245 111 101
f 114 112 111
f 114 111 115
f 210 354 98
f 210 98 97
f 431 358 232
f 431 232 359
f 235 360 359
f 235 359 232
f 360 235 467
f 360 467 387
f 81 282 483
f 81 483 82
f 485 486 487
f 485 487 484
f 489 68 294
f 489 294 488
f 491 454 455
f 491 455 490
f 154 370 373
f 154 373 155
f 491 322 325
f 491 325 492
f 491 490 493
f 491 493 322
f 436 435 446
f 436 446 494
f 495 496 438
f 495 438 380
f 496 497 435
f 496 435 438
f 331 330 498
f 331 498 432
f 499 346 432
f 499 432 498
f 380 383 500
f 380 500 495
f 501 328 331
f 501 331 434
f 499 344 343
f 499 343 346
f 492 502 454
f 492 454 491
f 454 502 487
f 454 487 57
f 486 58 57
f 486 57 487
f 58 486 503
f 58 503 382
f 383 504 505
f 383 505 500
f 447 450 420
f 447 420 423
f 329 328 445
f 329 445 444
f 450 449 506
f 450 506 501
f 507 508 451
f 507 451 75
f 99 104 202
f 99 202 196
f 509 208 201
f 509 201 203
f 201 204 195
f 201 195 196
f 462 510 186
f 462 186 189
f 203 186 510
f 203 510 509
f 148 319 341
f 148 341 326
f 326 341 340
f 326 340 511
f 123 511 340
f 123 340 133
f 71 49 181
f 71 181 296
f 154 388 162
f 154 162 370
f 155 373 303
f 155 303 166
f 166 303 306
f 166 306 333
f 512 320 289
f 512 289 288
f 479 414 514
f 479 514 513
f 414 413 475
f 414 475 514
f 513 512 288
f 513 288 479
f 191 103 353
f 191 353 192
f 332 104 103
f 332 103 191
f 82 483 353
f 82 353 354
f 83 86 96
f 83 96 95
f 83 95 400
f 83 400 355
f 355 400 112
f 355 112 114
f 144 135 136
f 144 136 157
f 298 365 300
f 298 300 299
f 298 297 388
f 298 388 365
f 367 143 164
f 367 164 180
f 515 516 219
f 515 219 215
f 254 217 216
f 254 216 517
f 398 364 399
f 398 399 395
f 398 397 517
f 398 517 216
f 518 519 246
f 518 246 245
f 319 150 149
f 319 149 341
f 429 419 417
f 429 417 430
f 33 46 404
f 33 404 403
f 403 402 309
f 403 309 311
f 393 520 521
f 393 521 301
f 522 520 393
f 522 393 392
f 302 301 521
f 302 521 523
f 302 523 524
f 302 524 335
f 321 456 318
f 321 318 147
f 456 321 525
f 456 525 457
f 410 409 526
f 410 526 464
f 410 466 350
f 410 350 349
f 456 212 211
f 456 211 527
f 211 224 463
f 211 463 527
f 407 377 267
f 407 267 276
f 378 377 406
f 378 406 255
f 175 214 213
f 175 213 198
f 386 90 84
f 386 84 356
f 409 362 351
f 409 351 457
f 85 89 412
f 85 412 287
f 361 233 357
f 361 357 352
f 116 431 359
f 116 359 107
f 116 107 106
f 116 106 113
f 352 351 362
f 352 362 361
f 513 514 464
f 513 464 526
f 526 409 457
f 526 457 525
f 514 475 465
f 514 465 464
f 358 431 247
f 358 247 197
f 176 482 172
f 176 172 171
f 396 395 250
f 396 250 119
f 395 399 251
f 395 251 250
f 291 81 80
f 291 80 285
f 284 292 291
f 284 291 285
f 528 327 326
f 528 326 511
f 126 125 152
f 126 152 53
f 152 125 133
f 152 133 340
f 127 126 339
f 127 339 179
f 56 135 367
f 56 367 339
f 124 123 133
f 124 133 134
f 143 367 135
f 143 135 144
f 164 143 132
f 164 132 161
f 401 131 130
f 401 130 142
f 292 528 122
f 292 122 290
f 61 507 75
f 61 75 78
f 320 512 525
f 320 525 321
f 512 513 526
f 512 526 525
f 123 122 528
f 123 528 511
f 262 529 229
f 262 229 221
f 316 315 368
f 316 368 481
f 516 315 230
f 516 230 219
f 515 530 369
f 515 369 516
f 530 515 223
f 530 223 480
f 215 218 223
f 215 223 515
f 459 458 374
f 459 374 248
f 458 460 334
f 458 334 374
f 334 460 47
f 334 47 48
f 459 248 249
f 459 249 480
f 253 120 119
f 253 119 250
f 394 170 169
f 394 169 173
f 519 482 176
f 519 176 197
f 518 273 482
f 518 482 519
f 531 274 273
f 531 273 518
f 532 390 274
f 532 274 531
f 343 243 241
f 343 241 240
f 188 238 244
f 188 244 189
f 187 332 236
f 187 236 188
f 447 451 508
f 447 508 448
f 162 388 297
f 162 297 163
f 392 402 405
f 392 405 522
f 533 413 415
f 533 415 470
f 534 65 68
f 534 68 489
f 502 535 484
f 502 484 487
f 503 536 537
f 503 537 504
f 492 538 535
f 492 535 502
f 492 325 66
f 492 66 65
f 504 537 539
f 504 539 505
f 239 424 345
f 239 345 240
f 59 58 382
f 59 382 381
f 432 433 434
f 432 434 331
f 437 436 440
f 437 440 177
f 381 437 177
f 381 177 59
f 449 441 494
f 449 494 506
f 450 501 434
f 450 434 420
f 382 503 504
f 382 504 383
f 501 506 445
f 501 445 328
f 536 503 486
f 536 486 485
f 313 150 319
f 313 319 318
f 327 284 281
f 327 281 145
f 483 93 192
f 483 192 353
f 483 282 94
f 483 94 93
f 422 425 428
f 422 428 427
f 421 433 345
f 421 345 424
f 463 314 313
f 463 313 527
f 315 516 369
f 315 369 368
f 314 481 312
f 314 312 151
f 368 317 312
f 368 312 481
f 369 530 159
f 369 159 158
f 480 249 159
f 480 159 530
f 262 406 408
f 262 408 529
f 398 216 220
f 398 220 364
f 541 542 543
f 541 543 540
f 545 543 542
f 545 542 544
f 547 545 544
f 547 544 546
f 549 547 546
f 549 546 548
f 551 549 548
f 551 548 550
f 553 551 550
f 553 550 552
f 555 553 552
f 555 552 554
f 557 558 559
f 557 559 556
f 561 557 556
f 561 556 560
f 563 546 544
f 563 544 562
f 564 548 546
f 564 546 563
f 565 550 548
f 565 548 564
f 566 552 550
f 566 550 565
f 552 566 567
f 552 567 554
f 559 568 569
f 559 569 556
f 570 560 556
f 570 556 569
f 571 572 560
f 571 560 570
f 574 540 575
f 574 575 573
f 577 543 545
f 577 545 576
f 545 547 578
f 545 578 576
f 579 578 547
f 579 547 549
f 580 579 551
f 580 551 553
f 580 553 555
f 580 555 581
f 558 557 583
f 558 583 582
f 561 584 583
f 561 583 557
f 561 572 585
f 561 585 584
f 571 586 585
f 571 585 572
f 544 542 541
f 544 541 562
f 574 588 589
f 574 589 587
f 574 573 590
f 574 590 588
f 590 573 575
f 590 575 591
f 575 540 543
f 575 543 591
f 564 592 566
f 564 566 565
f 592 593 567
f 592 567 566
f 568 559 554
f 568 554 567
f 554 559 558
f 554 558 555
f 582 581 555
f 582 555 558
f 592 564 563
f 592 563 562
f 589 568 567
f 589 567 593
f 540 574 587
f 540 587 541
f 571 570 590
f 571 590 591
f 589 588 569
f 589 569 568
f 543 577 594
f 543 594 591
f 594 586 571
f 594 571 591
f 596 581 582
f 596 582 595
f 596 597 580
f 596 580 581
f 583 490 455
f 583 455 595
f 583 584 493
f 583 493 490
f 597 508 579
f 597 579 580
f 442 448 508
f 442 508 597
f 60 178 595
f 60 595 455
f 178 439 596
f 178 596 595
f 577 64 185
f 577 185 594
f 586 184 376
f 586 376 585
f 590 570 569
f 590 569 588
f 61 576 578
f 61 578 507
f 585 376 493
f 585 493 584
f 453 598 73
f 453 73 430
f 519 197 247
f 519 247 246
f 281 280 146
f 281 146 145
f 64 63 121
f 64 121 185
f 284 327 528
f 284 528 292
f 290 122 121
f 290 121 63
f 280 289 320
f 280 320 146
f 184 586 594
f 184 594 185
f 253 378 117
f 253 117 120
f 249 140 160
f 249 160 159
f 129 160 140
f 129 140 130
f 161 132 131
f 161 131 371
f 313 318 456
f 313 456 527
f 492 65 534
f 492 534 538
f 441 449 448
f 441 448 442
f 443 446 435
f 443 435 497
f 446 445 506
f 446 506 494
f 441 440 436
f 441 436 494
f 596 439 442
f 596 442 597
f 577 576 61
f 577 61 64
f 238 237 242
f 238 242 241
f 194 76 426
f 194 426 427
f 452 194 427
f 452 427 428
f 461 244 243
f 461 243 342
f 508 507 578
f 508 578 579
f 245 207 531
f 245 531 518
f 206 532 531
f 206 531 207
f 32 31 600
f 32 600 599
f 601 600 36
f 601 36 24
f 602 601 24
f 602 24 23
f 40 602 23
f 40 23 42
f 44 604 605
f 44 605 603
f 39 603 602
f 39 602 40
f 601 606 607
f 601 607 600
f 468 608 609
f 468 609 469
f 477 609 608
f 477 608 384
f 610 611 612
f 610 612 472
f 610 472 471
f 610 471 613
f 476 614 615
f 476 615 474
f 478 110 109
f 478 109 616
f 466 465 474
f 466 474 617
f 466 617 473
f 466 473 350
f 614 533 470
f 614 470 618
f 475 413 533
f 475 533 476
f 618 469 609
f 618 609 619
f 619 609 477
f 619 477 620
f 387 621 616
f 387 616 109
f 616 622 620
f 616 620 478
f 473 617 615
f 473 615 613
f 621 623 622
f 621 622 616
f 624 612 611
f 624 611 623
f 49 71 70
f 49 70 50
f 336 335 524
f 336 524 418
f 598 293 67
f 598 67 73
f 50 70 429
f 50 429 74
f 322 493 376
f 322 376 323
f 589 593 592
f 589 592 587
f 396 119 118
f 396 118 254
f 517 397 396
f 517 396 254
f 28 27 625
f 28 625 604
f 600 607 626
f 600 626 599
f 607 627 628
f 607 628 626
f 604 625 628
f 604 628 627
f 630 631 632
f 630 632 629
f 634 635 636
f 634 636 633
f 638 639 640
f 638 640 637
f 641 642 637
f 641 637 640
f 644 645 646
f 644 646 643
f 631 642 648
f 631 648 647
f 650 651 652
f 650 652 649
f 643 646 654
f 643 654 653
f 654 651 650
f 654 650 653
f 655 656 657
f 655 657 632
f 657 659 660
f 657 660 658
f 661 659 657
f 661 657 656
f 631 647 655
f 631 655 632
f 637 642 631
f 637 631 630
f 640 650 649
f 640 649 641
f 652 662 641
f 652 641 649
f 648 642 641
f 648 641 662
f 663 664 537
f 663 537 536
f 666 640 639
f 666 639 665
f 666 665 636
f 666 636 635
f 667 539 537
f 667 537 664
f 634 644 643
f 634 643 635
f 653 650 640
f 653 640 666
f 666 635 643
f 666 643 653
f 669 644 634
f 669 634 668
f 638 637 630
f 638 630 670
f 645 644 669
f 645 669 671
f 638 670 485
f 638 485 484
f 672 633 489
f 672 489 488
f 632 657 658
f 632 658 629
f 670 663 536
f 670 536 485
f 633 636 534
f 633 534 489
f 484 535 639
f 484 639 638
f 629 658 664
f 629 664 663
f 665 639 535
f 665 535 538
f 636 665 538
f 636 538 534
f 660 667 664
f 660 664 658
f 668 634 633
f 668 633 672
f 630 629 663
f 630 663 670
f 1 661 656
f 1 656 22
f 20 647 648
f 20 648 18
f 647 20 21
f 647 21 655
f 15 646 645
f 15 645 13
f 19 651 654
f 19 654 14
f 648 662 16
f 648 16 18
f 17 652 651
f 17 651 19
f 21 22 656
f 21 656 655
f 13 645 671
f 13 671 2
f 646 15 14
f 646 14 654
f 17 16 662
f 17 662 652
f 608 91 385
f 608 385 384
f 304 372 401
f 304 401 308
f 468 415 411
f 468 411 92
f 602 603 606
f 602 606 601
f 608 468 92
f 608 92 91
f 305 304 308
f 305 308 137
f 139 138 307
f 139 307 375
f 674 675 676
f 674 676 673
f 678 27 679
f 678 679 677
f 681 682 683
f 681 683 680
f 684 685 683
f 684 683 682
f 684 674 673
f 684 673 685
f 687 688 689
f 687 689 686
f 690 691 676
f 690 676 675
f 689 688 691
f 689 691 690
f 687 686 693
f 687 693 692
f 681 680 46
f 681 46 45
f 678 694 695
f 678 695 693
f 697 698 699
f 697 699 696
f 701 702 703
f 701 703 700
f 705 706 707
f 705 707 704
f 709 710 711
f 709 711 708
f 713 714 715
f 713 715 712
f 717 718 719
f 717 719 716
f 712 720 721
f 712 721 713
f 713 721 697
f 713 697 696
f 723 724 725
f 723 725 722
f 727 728 729
f 727 729 726
f 731 732 733
f 731 733 730
f 735 728 727
f 735 727 734
f 737 738 739
f 737 739 736
f 741 722 725
f 741 725 740
f 735 734 743
f 735 743 742
f 745 746 747
f 745 747 744
f 747 746 749
f 747 749 748
f 745 744 751
f 745 751 750
f 753 754 755
f 753 755 752
f 757 755 754
f 757 754 756
f 748 749 759
f 748 759 758
f 761 762 763
f 761 763 760
f 765 766 767
f 765 767 764
f 769 770 771
f 769 771 768
f 773 774 775
f 773 775 772
f 777 778 779
f 777 779 776
f 774 780 781
f 774 781 775
f 703 782 783
f 703 783 700
f 688 687 785
f 688 785 784
f 786 785 687
f 786 687 692
f 788 777 789
f 788 789 787
f 790 791 779
f 790 779 778
f 793 794 795
f 793 795 792
f 797 798 701
f 797 701 796
f 701 798 799
f 701 799 702
f 801 802 803
f 801 803 800
f 805 806 807
f 805 807 804
f 809 810 811
f 809 811 808
f 778 807 806
f 778 806 790
f 803 812 813
f 803 813 800
f 815 816 817
f 815 817 814
f 819 814 820
f 819 820 818
f 822 823 819
f 822 819 821
f 704 707 825
f 704 825 824
f 827 828 698
f 827 698 826
f 772 775 829
f 772 829 699
f 781 771 831
f 781 831 830
f 832 831 771
f 832 771 770
f 834 835 836
f 834 836 833
f 838 839 840
f 838 840 837
f 723 722 840
f 723 840 841
f 747 842 843
f 747 843 744
f 821 844 845
f 821 845 822
f 847 818 820
f 847 820 846
f 843 849 850
f 843 850 848
f 205 851 852
f 205 852 206
f 208 849 851
f 208 851 205
f 853 854 749
f 853 749 746
f 728 735 854
f 728 854 853
f 856 857 858
f 856 858 855
f 860 861 862
f 860 862 859
f 863 864 861
f 863 861 860
f 866 867 862
f 866 862 865
f 869 870 871
f 869 871 868
f 866 228 229
f 866 229 867
f 873 864 863
f 873 863 872
f 871 873 872
f 871 872 868
f 875 876 877
f 875 877 874
f 835 834 848
f 835 848 850
f 879 833 880
f 879 880 878
f 882 883 884
f 882 884 881
f 881 880 886
f 881 886 885
f 887 842 747
f 887 747 748
f 842 887 852
f 842 852 851
f 758 760 889
f 758 889 888
f 787 890 891
f 787 891 788
f 893 894 895
f 893 895 892
f 896 859 897
f 896 897 765
f 899 900 901
f 899 901 898
f 900 902 903
f 900 903 901
f 902 677 679
f 902 679 903
f 862 867 904
f 862 904 859
f 901 263 264
f 901 264 898
f 266 265 903
f 266 903 679
f 895 905 906
f 895 906 892
f 907 908 909
f 907 909 846
f 847 846 909
f 847 909 910
f 847 910 912
f 847 912 911
f 276 275 906
f 276 906 905
f 275 277 908
f 275 908 906
f 741 837 840
f 741 840 722
f 914 915 916
f 914 916 913
f 915 914 743
f 915 743 734
f 918 740 709
f 918 709 917
f 916 915 920
f 916 920 919
f 922 923 924
f 922 924 921
f 708 925 917
f 708 917 709
f 917 925 927
f 917 927 926
f 293 712 715
f 293 715 294
f 929 930 931
f 929 931 928
f 933 934 935
f 933 935 932
f 937 938 939
f 937 939 936
f 785 940 941
f 785 941 784
f 812 943 944
f 812 944 942
f 945 796 701
f 945 701 700
f 946 947 797
f 946 797 796
f 949 873 871
f 949 871 948
f 783 806 805
f 783 805 950
f 951 952 792
f 951 792 795
f 954 793 792
f 954 792 953
f 956 957 958
f 956 958 955
f 727 920 915
f 727 915 734
f 959 960 795
f 959 795 794
f 914 913 924
f 914 924 923
f 329 961 962
f 329 962 330
f 834 963 751
f 834 751 848
f 879 839 838
f 879 838 963
f 812 942 964
f 812 964 813
f 786 692 695
f 786 695 965
f 967 968 969
f 967 969 966
f 696 699 829
f 696 829 955
f 970 703 702
f 970 702 773
f 972 799 798
f 972 798 971
f 885 342 344
f 885 344 973
f 974 975 882
f 974 882 973
f 977 978 979
f 977 979 976
f 981 856 855
f 981 855 980
f 775 781 830
f 775 830 829
f 750 982 983
f 750 983 745
f 761 984 985
f 761 985 762
f 986 987 845
f 986 845 844
f 752 755 989
f 752 989 988
f 977 976 991
f 977 991 990
f 978 977 874
f 978 874 992
f 863 993 816
f 863 816 872
f 802 995 933
f 802 933 994
f 930 929 716
f 930 716 719
f 828 827 996
f 828 996 970
f 998 950 805
f 998 805 997
f 950 945 700
f 950 700 783
f 1000 1001 1002
f 1000 1002 999
f 691 936 939
f 691 939 676
f 936 691 688
f 936 688 784
f 890 787 1004
f 890 1004 1003
f 713 696 955
f 713 955 958
f 830 831 1005
f 830 1005 956
f 1006 1007 905
f 1006 905 895
f 908 277 379
f 908 379 909
f 1009 1010 1011
f 1009 1011 1008
f 1013 756 754
f 1013 754 1012
f 754 753 1014
f 754 1014 1012
f 989 755 757
f 989 757 1015
f 826 808 811
f 826 811 827
f 995 802 801
f 995 801 1016
f 815 868 872
f 815 872 816
f 726 918 917
f 726 917 926
f 910 909 379
f 910 379 389
f 912 910 389
f 912 389 390
f 786 965 1003
f 786 1003 1004
f 1017 803 802
f 1017 802 994
f 1019 1017 994
f 1019 994 1018
f 820 1020 907
f 820 907 846
f 932 1018 994
f 932 994 933
f 1022 1023 1024
f 1022 1024 1021
f 1025 817 816
f 1025 816 993
f 1020 817 1025
f 1020 1025 893
f 907 1020 893
f 907 893 892
f 749 854 1026
f 749 1026 759
f 776 1000 999
f 776 999 1027
f 1017 943 812
f 1017 812 803
f 1028 1029 405
f 1028 405 404
f 1029 943 1017
f 1029 1017 1019
f 685 673 964
f 685 964 942
f 685 942 944
f 685 944 683
f 683 944 1028
f 683 1028 680
f 1030 897 859
f 1030 859 904
f 1007 1030 408
f 1007 408 407
f 766 765 897
f 766 897 1006
f 907 892 906
f 907 906 908
f 937 999 1002
f 937 1002 938
f 991 976 1032
f 991 1032 1031
f 1034 739 738
f 1034 738 1033
f 1035 1036 1037
f 1035 1037 1034
f 1038 416 418
f 1038 418 967
f 966 719 718
f 966 718 1039
f 1041 1042 1043
f 1041 1043 1040
f 1041 1040 1045
f 1041 1045 1044
f 1043 1046 1047
f 1043 1047 1040
f 883 1045 1048
f 883 1048 884
f 1049 1050 721
f 1049 721 720
f 717 1050 1039
f 717 1039 718
f 889 760 763
f 889 763 1051
f 974 1052 1053
f 974 1053 975
f 1053 1054 1042
f 1053 1042 1041
f 1056 1057 1058
f 1056 1058 1055
f 1055 1058 1010
f 1055 1010 1009
f 825 1059 1060
f 825 1060 824
f 1060 1059 1062
f 1060 1062 1061
f 444 443 1064
f 444 1064 1063
f 955 829 830
f 955 830 956
f 855 845 987
f 855 987 980
f 858 869 823
f 858 823 822
f 1066 1067 1068
f 1066 1068 1065
f 1043 1067 1069
f 1043 1069 1046
f 724 723 1046
f 724 1046 1069
f 725 710 709
f 725 709 740
f 923 922 730
f 923 730 733
f 742 1026 854
f 742 854 735
f 878 884 1048
f 878 1048 1070
f 839 1070 841
f 839 841 840
f 878 1070 839
f 878 839 879
f 728 853 983
f 728 983 729
f 923 733 743
f 923 743 914
f 1049 453 416
f 1049 416 1038
f 969 934 931
f 969 931 930
f 706 1071 1072
f 706 1072 707
f 856 981 1074
f 856 1074 1073
f 732 731 985
f 732 985 984
f 789 940 1004
f 789 1004 787
f 1027 941 940
f 1027 940 789
f 1075 1076 900
f 1075 900 899
f 228 866 898
f 228 898 264
f 900 1076 1077
f 900 1077 902
f 1077 694 677
f 1077 677 902
f 263 901 903
f 263 903 265
f 461 886 836
f 461 836 462
f 871 870 1078
f 871 1078 948
f 1080 1081 1032
f 1080 1032 1079
f 737 736 1012
f 737 1012 1014
f 875 874 977
f 875 977 990
f 877 1082 992
f 877 992 874
f 969 930 719
f 969 719 966
f 969 968 935
f 969 935 934
f 1084 1037 1085
f 1084 1085 1083
f 978 992 1087
f 978 1087 1086
f 1086 1088 979
f 1086 979 978
f 1080 1090 1091
f 1080 1091 1089
f 1013 1092 1093
f 1013 1093 756
f 1035 1034 1033
f 1035 1033 1094
f 921 1094 1033
f 921 1033 922
f 730 738 737
f 730 737 731
f 1014 753 762
f 1014 762 985
f 876 875 987
f 876 987 986
f 928 808 826
f 928 826 929
f 1039 1038 967
f 1039 967 966
f 698 828 772
f 698 772 699
f 676 939 964
f 676 964 673
f 1000 810 809
f 1000 809 1001
f 898 866 865
f 898 865 899
f 899 865 1095
f 899 1095 1075
f 857 870 869
f 857 869 858
f 948 1078 946
f 948 946 1096
f 819 823 815
f 819 815 814
f 911 1097 818
f 911 818 847
f 815 823 869
f 815 869 868
f 887 748 758
f 887 758 888
f 761 760 758
f 761 758 759
f 853 746 745
f 853 745 983
f 1051 988 876
f 1051 876 986
f 877 876 988
f 877 988 989
f 989 1015 1082
f 989 1082 877
f 726 729 1098
f 726 1098 918
f 1100 1101 1102
f 1100 1102 1099
f 1103 488 294
f 1103 294 715
f 1104 1105 1072
f 1104 1072 1071
f 801 800 1002
f 801 1002 1001
f 1104 1106 958
f 1104 958 957
f 1104 957 1107
f 1104 1107 1105
f 1056 1108 1064
f 1056 1064 1057
f 495 1010 1058
f 495 1058 496
f 496 1058 1057
f 496 1057 497
f 962 1052 498
f 962 498 330
f 499 498 1052
f 499 1052 974
f 1010 495 500
f 1010 500 1011
f 1109 1054 962
f 1109 962 961
f 499 974 973
f 499 973 344
f 1106 1104 1071
f 1106 1071 1110
f 1071 706 1102
f 1071 1102 1110
f 1099 1102 706
f 1099 706 705
f 705 1008 1111
f 705 1111 1099
f 1011 500 505
f 1011 505 1112
f 1067 1043 1042
f 1067 1042 1068
f 329 444 1063
f 329 1063 961
f 1068 1109 1113
f 1068 1113 1065
f 1115 724 1069
f 1115 1069 1114
f 744 843 848
f 744 848 751
f 509 850 849
f 509 849 208
f 849 843 842
f 849 842 851
f 462 836 835
f 462 835 510
f 850 509 510
f 850 510 835
f 795 960 971
f 795 971 951
f 960 1116 972
f 960 972 971
f 768 780 972
f 768 972 1116
f 716 929 826
f 716 826 698
f 801 1001 809
f 801 809 1016
f 800 813 938
f 800 938 1002
f 813 964 939
f 813 939 938
f 1117 921 924
f 1117 924 954
f 1094 1118 1119
f 1094 1119 1035
f 1035 1119 1089
f 1035 1089 1036
f 1118 1094 921
f 1118 921 1117
f 838 837 982
f 838 982 750
f 963 838 750
f 963 750 751
f 729 983 982
f 729 982 1098
f 732 742 743
f 732 743 733
f 732 984 1026
f 732 1026 742
f 984 761 759
f 984 759 1026
f 790 806 783
f 790 783 782
f 931 934 933
f 931 933 995
f 931 995 1016
f 931 1016 928
f 996 827 811
f 996 811 791
f 1121 861 864
f 1121 864 1120
f 896 1122 860
f 896 860 859
f 1024 1023 1025
f 1024 1025 993
f 1024 860 1122
f 1024 1122 1021
f 1124 887 888
f 1124 888 1123
f 951 971 798
f 951 798 797
f 1050 1049 1038
f 1050 1038 1039
f 680 1028 404
f 680 404 46
f 1028 944 943
f 1028 943 1029
f 1018 932 521
f 1018 521 520
f 522 1019 1018
f 522 1018 520
f 935 523 521
f 935 521 932
f 935 968 524
f 935 524 523
f 953 792 952
f 953 952 1073
f 1073 1074 1125
f 1073 1125 953
f 1032 1081 1126
f 1032 1126 1031
f 1032 976 979
f 1032 979 1079
f 1073 1127 857
f 1073 857 856
f 857 1127 1078
f 857 1078 870
f 407 276 905
f 407 905 1007
f 1006 897 1030
f 1006 1030 1007
f 822 845 855
f 822 855 858
f 1014 985 731
f 1014 731 737
f 1031 1074 981
f 1031 981 991
f 730 922 1033
f 730 1033 738
f 990 980 987
f 990 987 875
f 763 752 988
f 763 988 1051
f 763 762 753
f 763 753 752
f 980 990 991
f 980 991 981
f 1118 1126 1081
f 1118 1081 1119
f 1126 1125 1074
f 1126 1074 1031
f 1119 1081 1080
f 1119 1080 1089
f 986 844 889
f 986 889 1051
f 821 819 818
f 821 818 1097
f 1022 764 894
f 1022 894 1023
f 1023 894 893
f 1023 893 1025
f 926 920 727
f 926 727 726
f 919 920 926
f 919 926 927
f 1128 1116 960
f 1128 960 959
f 773 702 799
f 773 799 774
f 799 972 780
f 799 780 774
f 772 828 970
f 772 970 773
f 703 970 996
f 703 996 782
f 771 781 780
f 771 780 768
f 791 790 782
f 791 782 996
f 811 810 779
f 811 779 791
f 1027 789 777
f 1027 777 776
f 927 925 769
f 927 769 1128
f 710 725 724
f 710 724 1115
f 954 953 1125
f 954 1125 1117
f 1117 1125 1126
f 1117 1126 1118
f 768 1116 1128
f 768 1128 769
f 904 867 229
f 904 229 529
f 948 1096 998
f 948 998 949
f 1120 864 873
f 1120 873 949
f 1121 1120 997
f 1121 997 1129
f 1129 1095 865
f 1129 865 1121
f 861 1121 865
f 861 865 862
f 1075 890 1003
f 1075 1003 1076
f 1076 1003 965
f 1076 965 1077
f 965 695 694
f 965 694 1077
f 1075 1095 891
f 1075 891 890
f 895 894 764
f 895 764 767
f 1020 820 814
f 1020 814 817
f 1123 844 821
f 1123 821 1097
f 1124 1123 1097
f 1124 1097 911
f 1130 1124 911
f 1130 911 912
f 532 1130 912
f 532 912 390
f 973 882 881
f 973 881 885
f 833 836 886
f 833 886 880
f 834 833 879
f 834 879 963
f 1067 1066 1114
f 1067 1114 1069
f 809 808 928
f 809 928 1016
f 1019 522 405
f 1019 405 1029
f 1131 1085 1037
f 1131 1037 1036
f 1132 1103 715
f 1132 715 714
f 1110 1102 1101
f 1110 1101 1133
f 1111 1112 1135
f 1111 1135 1134
f 1106 1110 1133
f 1106 1133 1136
f 1106 714 713
f 1106 713 958
f 1112 505 539
f 1112 539 1135
f 883 882 975
f 883 975 1044
f 704 1009 1008
f 704 1008 705
f 1052 962 1054
f 1052 1054 1053
f 1055 824 1060
f 1055 1060 1056
f 1009 704 824
f 1009 824 1055
f 1065 1113 1108
f 1065 1108 1061
f 1068 1042 1054
f 1068 1054 1109
f 1008 1011 1112
f 1008 1112 1111
f 1109 961 1063
f 1109 1063 1113
f 1134 1100 1099
f 1134 1099 1111
f 947 952 951
f 947 951 797
f 959 794 916
f 959 916 919
f 1098 982 837
f 1098 837 741
f 1098 741 740
f 1098 740 918
f 1040 1047 1048
f 1040 1048 1045
f 1041 1044 975
f 1041 975 1053
f 1078 1127 947
f 1078 947 946
f 949 998 997
f 949 997 1120
f 946 796 945
f 946 945 1096
f 998 1096 945
f 998 945 950
f 997 805 804
f 997 804 1129
f 1095 1129 804
f 1095 804 891
f 904 529 408
f 904 408 1030
f 1024 993 863
f 1024 863 860
f 1138 1139 1140
f 1138 1140 1137
f 1141 1142 1137
f 1141 1137 1140
f 1143 1144 1142
f 1143 1142 1141
f 1145 1146 1144
f 1145 1144 1143
f 1147 1148 1146
f 1147 1146 1145
f 1149 1150 1148
f 1149 1148 1147
f 1151 1152 1150
f 1151 1150 1149
f 1154 1155 1156
f 1154 1156 1153
f 1157 1158 1155
f 1157 1155 1154
f 1159 1160 1142
f 1159 1142 1144
f 1161 1159 1144
f 1161 1144 1146
f 1162 1161 1146
f 1162 1146 1148
f 1163 1162 1148
f 1163 1148 1150
f 1150 1152 1164
f 1150 1164 1163
f 1156 1155 1166
f 1156 1166 1165
f 1167 1166 1155
f 1167 1155 1158
f 1169 1167 1158
f 1169 1158 1168
f 1170 1171 1172
f 1170 1172 1139
f 1173 1174 1141
f 1173 1141 1140
f 1141 1174 1175
f 1141 1175 1143
f 1176 1145 1143
f 1176 1143 1175
f 1177 1149 1147
f 1177 1147 1176
f 1177 1178 1151
f 1177 1151 1149
f 1153 1179 1180
f 1153 1180 1154
f 1157 1154 1180
f 1157 1180 1181
f 1157 1181 1182
f 1157 1182 1168
f 1169 1168 1182
f 1169 1182 1183
f 1142 1160 1138
f 1142 1138 1137
f 1170 1185 1186
f 1170 1186 1184
f 1170 1184 1187
f 1170 1187 1171
f 1187 1188 1172
f 1187 1172 1171
f 1172 1188 1140
f 1172 1140 1139
f 1161 1162 1163
f 1161 1163 1189
f 1189 1163 1164
f 1189 1164 1190
f 1165 1164 1152
f 1165 1152 1156
f 1152 1151 1153
f 1152 1153 1156
f 1179 1153 1151
f 1179 1151 1178
f 1189 1160 1159
f 1189 1159 1161
f 1186 1190 1164
f 1186 1164 1165
f 1139 1138 1185
f 1139 1185 1170
f 1169 1188 1187
f 1169 1187 1167
f 1186 1165 1166
f 1186 1166 1184
f 1140 1188 1191
f 1140 1191 1173
f 1191 1188 1169
f 1191 1169 1183
f 1192 1193 1179
f 1192 1179 1178
f 1192 1178 1177
f 1192 1177 1194
f 1180 1193 1072
f 1180 1072 1105
f 1180 1105 1107
f 1180 1107 1181
f 1194 1177 1176
f 1194 1176 1114
f 1062 1194 1114
f 1062 1114 1066
f 707 1072 1193
f 707 1193 825
f 825 1193 1192
f 825 1192 1059
f 1173 1191 832
f 1173 832 711
f 1183 1182 1005
f 1183 1005 831
f 1187 1184 1166
f 1187 1166 1167
f 710 1115 1175
f 710 1175 1174
f 1182 1181 1107
f 1182 1107 1005
f 453 1049 720
f 453 720 598
f 1123 888 889
f 1123 889 844
f 916 794 793
f 916 793 913
f 711 832 770
f 711 770 708
f 919 927 1128
f 919 1128 959
f 925 708 770
f 925 770 769
f 913 793 954
f 913 954 924
f 831 832 1191
f 831 1191 1183
f 895 767 766
f 895 766 1006
f 891 804 807
f 891 807 788
f 778 777 788
f 778 788 807
f 810 1000 776
f 810 776 779
f 947 1127 1073
f 947 1073 952
f 1106 1136 1132
f 1106 1132 714
f 1061 1062 1066
f 1061 1066 1065
f 443 497 1057
f 443 1057 1064
f 1064 1108 1113
f 1064 1113 1063
f 1061 1108 1056
f 1061 1056 1060
f 1192 1194 1062
f 1192 1062 1059
f 1173 711 710
f 1173 710 1174
f 880 881 884
f 880 884 878
f 841 1047 1046
f 841 1046 723
f 1070 1048 1047
f 1070 1047 841
f 461 342 885
f 461 885 886
f 1114 1176 1175
f 1114 1175 1115
f 887 1124 1130
f 887 1130 852
f 206 852 1130
f 206 1130 532
f 681 599 1195
f 681 1195 682
f 1196 674 684
f 1196 684 1195
f 1197 675 674
f 1197 674 1196
f 689 690 675
f 689 675 1197
f 693 1199 1200
f 693 1200 1198
f 686 689 1197
f 686 1197 1199
f 1196 1195 1202
f 1196 1202 1201
f 1084 1083 1204
f 1084 1204 1203
f 1092 1013 1203
f 1092 1203 1204
f 1206 1087 1207
f 1206 1207 1205
f 1206 1208 1086
f 1206 1086 1087
f 1091 1090 1210
f 1091 1210 1209
f 1093 1211 757
f 1093 757 756
f 1079 1212 1090
f 1079 1090 1080
f 1079 979 1088
f 1079 1088 1212
f 1209 1213 1085
f 1209 1085 1131
f 1089 1091 1131
f 1089 1131 1036
f 1213 1214 1204
f 1213 1204 1083
f 1214 1215 1092
f 1214 1092 1204
f 1015 757 1211
f 1015 1211 1216
f 1211 1093 1215
f 1211 1215 1217
f 1088 1208 1210
f 1088 1210 1212
f 1216 1211 1217
f 1216 1217 1218
f 1219 1218 1205
f 1219 1205 1207
f 698 697 717
f 698 717 716
f 967 418 524
f 967 524 968
f 598 720 712
f 598 712 293
f 697 721 1050
f 697 1050 717
f 957 956 1005
f 957 1005 1107
f 1186 1185 1189
f 1186 1189 1190
f 1022 896 765
f 1022 765 764
f 1122 896 1022
f 1122 1022 1021
f 678 1198 625
f 678 625 27
f 1195 599 626
f 1195 626 1202
f 1202 626 628
f 1202 628 1220
f 1198 1220 628
f 1198 628 625
f 1222 1223 1224
f 1222 1224 1221
f 1226 1227 1228
f 1226 1228 1225
f 1230 1231 1232
f 1230 1232 1229
f 1234 1232 1231
f 1234 1231 1233
f 1236 1237 1238
f 1236 1238 1235
f 1221 1239 1240
f 1221 1240 1233
f 1242 1243 1244
f 1242 1244 1241
f 1237 1245 1246
f 1237 1246 1238
f 1246 1245 1242
f 1246 1242 1241
f 1248 1224 1249
f 1248 1249 1247
f 1249 1250 660
f 1249 660 659
f 661 1247 1249
f 661 1249 659
f 1221 1224 1248
f 1221 1248 1239
f 1231 1222 1221
f 1231 1221 1233
f 1232 1234 1243
f 1232 1243 1242
f 1244 1243 1234
f 1244 1234 1251
f 1240 1251 1234
f 1240 1234 1233
f 1253 1134 1135
f 1253 1135 1252
f 1254 1255 1229
f 1254 1229 1232
f 1254 1225 1228
f 1254 1228 1255
f 667 1252 1135
f 667 1135 539
f 1226 1225 1237
f 1226 1237 1236
f 1245 1254 1232
f 1245 1232 1242
f 1254 1245 1237
f 1254 1237 1225
f 669 668 1226
f 669 1226 1236
f 1230 1256 1222
f 1230 1222 1231
f 1235 671 669
f 1235 669 1236
f 1230 1101 1100
f 1230 1100 1256
f 672 488 1103
f 672 1103 1227
f 1224 1223 1250
f 1224 1250 1249
f 1256 1100 1134
f 1256 1134 1253
f 1227 1103 1132
f 1227 1132 1228
f 1101 1230 1229
f 1101 1229 1133
f 1223 1253 1252
f 1223 1252 1250
f 1255 1136 1133
f 1255 1133 1229
f 1228 1132 1136
f 1228 1136 1255
f 660 1250 1252
f 660 1252 667
f 668 672 1227
f 668 1227 1226
f 1222 1256 1253
f 1222 1253 1223
f 1 12 1247
f 1 1247 661
f 10 8 1240
f 10 1240 1239
f 1239 1248 11
f 1239 11 10
f 5 3 1235
f 5 1235 1238
f 9 4 1246
f 9 1246 1241
f 1240 8 6
f 1240 6 1251
f 7 9 1241
f 7 1241 1244
f 11 1248 1247
f 11 1247 12
f 3 2 671
f 3 671 1235
f 1238 1246 4
f 1238 4 5
f 7 1244 1251
f 7 1251 6
f 1203 1013 1012
f 1203 1012 736
f 937 941 1027
f 937 1027 999
f 1084 739 1034
f 1084 1034 1037
f 1197 1196 1201
f 1197 1201 1199
f 1203 736 739
f 1203 739 1084
f 936 784 941
f 936 941 937
f 786 1004 940
f 786 940 785
f 467 612 387
f 612 624 387
f 621 387 624
f 604 44 28
f 472 612 467
f 29 28 47
f 43 48 44
f 30 266 27
f 424 239 425
f 467 363 472
f 561 560 572
f 549 551 579
f 583 595 582
f 31 36 600
f 39 44 603
f 32 599 45
f 473 613 471
f 477 478 620
f 474 615 617
f 1257 614 618
f 1257 620 622
f 1257 618 619
f 1257 613 615
f 614 1257 615
f 622 623 1257
f 1257 623 611
f 624 623 621
f 469 618 470
f 614 476 533
f 610 1257 611
f 613 1257 610
f 620 1257 619
f 541 592 562
f 541 587 592
f 627 607 605
f 627 605 604
f 605 606 603
f 607 606 605
f 1207 1082 1015
f 1219 1207 1015
f 1015 1216 1219
f 693 1198 678
f 1207 1087 1082
f 678 677 694
f 695 692 693
f 266 679 27
f 883 1044 1045
f 992 1082 1087
f 1158 1157 1168
f 1147 1145 1176
f 1193 1180 1179
f 684 682 1195
f 693 686 1199
f 599 681 45
f 1208 1088 1086
f 1093 1092 1215
f 1210 1090 1212
f 1209 1258 1213
f 1215 1258 1217
f 1213 1258 1214
f 1208 1258 1210
f 1258 1209 1210
f 1218 1217 1258
f 1218 1258 1205
f 1218 1219 1216
f 1213 1083 1085
f 1091 1209 1131
f 1258 1206 1205
f 1258 1208 1206
f 1258 1215 1214
f 1189 1138 1160
f 1185 1138 1189
f 1202 1220 1200
f 1200 1220 1198
f 1201 1200 1199
f 1201 1202 1200
