# Blender v3.0.1 OBJ File: 'scifi_plane_1k.blend'
# www.blender.org
o scifi_plane
v -1.127031 1.004107 0.374595
v -0.767395 -0.195510 0.374595
v -1.556571 0.260121 0.082641
v -1.556571 0.260121 0.374595
v -0.150884 0.985587 0.520572
v -0.140003 0.846559 0.520572
v -0.241497 1.091588 0.520572
v -0.841967 1.384584 0.520572
v -0.967809 1.324494 0.520572
v -0.704860 1.359111 0.520572
v -1.754424 -0.037962 0.520572
v -1.743543 -0.176990 0.520572
v -1.189566 -0.550514 0.520572
v -0.926618 -0.515897 0.520572
v -1.052459 -0.575987 0.520572
v -1.166184 0.995743 0.520572
v -1.652929 -0.282992 0.520572
v -1.568905 0.298210 0.520572
v -0.140003 0.846559 1.131275
v -0.241497 1.091588 1.131276
v -0.967809 1.324494 1.131276
v -0.704860 1.359111 1.131276
v -1.754424 -0.037962 1.131275
v -1.743543 -0.176990 1.131275
v -1.652929 -0.282992 1.131275
v -1.166184 0.995743 -0.410257
v -1.568905 0.298210 -0.410257
v -0.184900 0.975542 0.491843
v -0.176363 0.842124 0.491843
v -0.704270 1.327364 0.491843
v -1.718064 -0.033528 0.491843
v -0.940957 -0.482191 0.491843
v -1.060768 -0.541506 0.491843
v -0.728243 -0.187146 0.520572
v -0.325522 0.510386 0.520572
v -0.325522 0.510386 -0.410257
v -0.728243 -0.187146 -0.410257
v -0.337855 0.548476 -0.438987
v -0.767395 -0.195510 -0.438987
v -1.127031 1.004107 0.082641
v -0.767395 -0.195510 0.491843
v -0.337855 0.548476 0.082641
v -0.337855 0.548476 0.374595
v -1.130335 1.019227 1.079714
v -0.323108 0.553175 1.079714
v -1.072902 0.960864 0.522735
v -0.380541 0.611538 0.522735
v -0.402369 0.573731 0.522735
v -1.051074 0.998671 0.522735
v -1.184905 0.924709 1.079714
v -0.377679 0.458656 1.079714
v -1.127473 0.866345 0.522735
v -0.435111 0.517020 0.522735
v -0.456939 0.479212 0.522735
v -1.105644 0.904153 0.522735
v -1.239475 0.830190 1.079714
v -0.432249 0.364138 1.079714
v -1.182043 0.771827 0.522735
v -0.489681 0.422501 0.522735
v -0.511510 0.384694 0.522735
v -1.160215 0.809634 0.522735
v -1.294046 0.735672 1.079714
v -0.486819 0.269619 1.079714
v -1.236613 0.677308 0.522735
v -0.544252 0.327983 0.522735
v -0.566080 0.290176 0.522735
v -1.214785 0.715116 0.522735
v -1.348616 0.641153 1.079714
v -0.541389 0.175101 1.079714
v -1.291183 0.582790 0.522735
v -0.598822 0.233464 0.522735
v -0.620650 0.195657 0.522735
v -1.269355 0.620597 0.522735
v -1.403186 0.546635 1.079714
v -0.595960 0.080582 1.079714
v -1.345754 0.488271 0.522735
v -0.653392 0.138946 0.522735
v -0.675221 0.101139 0.522735
v -1.323926 0.526079 0.522735
v -1.457757 0.452116 1.079714
v -0.650530 -0.013936 1.079714
v -1.400324 0.393753 0.522735
v -0.707963 0.044427 0.522735
v -0.729791 0.006620 0.522735
v -1.378496 0.431560 0.522735
v -1.512327 0.357598 1.079714
v -0.705100 -0.108455 1.079714
v -1.454894 0.299234 0.522735
v -0.762533 -0.050091 0.522735
v -0.784361 -0.087899 0.522735
v -1.433066 0.337042 0.522735
v -1.566897 0.263079 1.079714
v -0.759671 -0.202973 1.079714
v -1.509465 0.204716 0.522735
v -0.817103 -0.144610 0.522735
v -0.838932 -0.182417 0.522735
v -1.487637 0.242523 0.522735
v -0.727165 0.785432 -0.119628
v -0.947213 0.844394 -0.119628
v -1.167261 0.785433 -0.119628
v -1.328347 0.624346 -0.119628
v -1.387309 0.404299 -0.119628
v -1.328347 0.184251 -0.119628
v -1.167261 0.023165 -0.119628
v -0.947213 -0.035797 -0.119628
v -0.727166 0.023164 -0.119628
v -0.566079 0.184250 -0.119628
v -0.507118 0.404298 -0.119628
v -0.566079 0.624346 -0.119628
v -0.757483 0.732921 -0.595685
v -0.947213 0.783759 -0.595685
v -1.136944 0.732921 -0.595685
v -1.275836 0.594029 -0.595685
v -1.326674 0.404299 -0.595686
v -1.275836 0.214568 -0.595686
v -1.136944 0.075676 -0.595686
v -0.947213 0.024838 -0.595686
v -0.757483 0.075676 -0.595686
v -0.618591 0.214568 -0.595686
v -0.567752 0.404298 -0.595686
v -0.618590 0.594029 -0.595685
v -0.832058 0.603754 -0.651950
v -0.947213 0.634609 -0.651950
v -1.062369 0.603754 -0.651950
v -1.146668 0.519454 -0.651950
v -1.177524 0.404298 -0.651950
v -1.146668 0.289143 -0.651950
v -1.062369 0.204843 -0.651950
v -0.947213 0.173988 -0.651950
v -0.832058 0.204843 -0.651950
v -0.747758 0.289143 -0.651950
v -0.716903 0.404298 -0.651950
v -0.747758 0.519454 -0.651950
v -1.003434 0.501675 -0.867271
v -1.044590 0.460519 -0.867271
v -1.044590 0.348078 -0.867271
v -0.890993 0.306921 -0.867271
v -0.849836 0.348078 -0.867271
v -0.834772 0.404298 -0.867271
v -1.322355 0.187710 -0.428468
v -1.163801 0.029157 -0.428468
v -1.163801 0.779440 -0.428468
v -1.322355 0.620886 -0.428468
v -0.572072 0.187710 -0.428468
v -0.514037 0.404298 -0.428468
v -0.947213 -0.028877 -0.428468
v -1.380389 0.404299 -0.428468
v -0.572072 0.620886 -0.428468
v -0.730625 0.779440 -0.428468
v -0.947213 0.837474 -0.428468
v -0.730626 0.029157 -0.428468
v -0.150884 0.985587 1.131276
v -0.841967 1.384584 1.131276
v -1.189566 -0.550514 1.131275
v -0.926617 -0.515897 1.131275
v -1.052459 -0.575987 1.131275
v -0.586826 0.730885 0.426887
v -0.844574 0.879696 0.426887
v -1.307600 0.077712 0.426887
v -1.049852 -0.071100 0.426887
v -0.644465 0.928673 -0.209314
v -0.602325 1.001662 -0.355291
v -0.518045 1.147639 -0.063336
v -0.518045 1.147639 0.520572
v -0.303627 1.048349 -0.209314
v -0.595581 0.879789 -0.209314
v -0.522593 0.921929 -0.355291
v -0.376616 1.006209 -0.355291
v -0.303627 1.048349 0.082641
v -0.376616 1.006209 0.228618
v -0.376616 1.006209 -0.063336
v -0.303627 1.048349 0.374595
v -0.338014 0.913018 0.520572
v -0.240569 0.813012 -0.209314
v -0.577688 0.813012 -0.209314
v -0.493408 0.813012 -0.355291
v -0.324849 0.813012 -0.355291
v -0.240569 0.813012 0.082641
v -0.324849 0.813012 0.228618
v -0.324849 0.813012 -0.063336
v -0.240569 0.813012 0.374595
v -0.324848 0.813012 0.520572
v -0.616782 0.709514 -0.209314
v -0.543794 0.667374 -0.355291
v -0.397817 0.583094 -0.355291
v -0.397817 0.583094 0.228618
v -0.397816 0.583094 -0.063336
v -0.397816 0.583094 0.520572
v -0.475905 1.220627 -0.209314
v -1.376381 -0.339042 0.520572
v -1.376381 -0.339042 -0.063336
v -0.518046 1.147639 -0.355291
v -0.475905 1.220627 0.082641
v -0.518045 1.147639 0.228618
v -1.292101 -0.193065 -0.355291
v -0.475905 1.220627 0.374595
v -1.249961 -0.120076 -0.209314
v -0.711242 1.283686 -0.209314
v -0.711242 0.946566 -0.209314
v -0.711242 1.030846 -0.355291
v -0.711242 1.199406 -0.355291
v -0.711242 1.283686 0.082641
v -0.711242 1.199406 0.228618
v -0.711242 1.199406 -0.063336
v -0.711242 1.283686 0.374595
v -0.811248 1.186240 0.520572
v -0.946579 1.220628 -0.209314
v -0.778019 0.928673 -0.209314
v -0.820159 1.001662 -0.355291
v -0.904439 1.147639 -0.355291
v -0.946579 1.220628 0.082641
v -0.904439 1.147639 0.228618
v -0.904439 1.147639 -0.063336
v -0.946579 1.220628 0.374595
v -0.904439 1.147639 0.520572
v -0.848104 0.843068 -0.209314
v -0.921093 0.885208 -0.355291
v -1.067070 0.969488 -0.355291
v -1.067070 0.969488 0.228618
v -1.067070 0.969488 -0.063336
v -1.067070 0.969488 0.520572
v -1.183184 -0.475089 -0.209314
v -1.183184 -0.137969 -0.209314
v -1.183184 -0.222249 -0.355291
v -1.183184 -0.390809 -0.355291
v -1.183184 -0.475089 0.082641
v -1.183184 -0.390809 0.228618
v -1.183184 -0.390809 -0.063336
v -1.183184 -0.475089 0.374595
v -1.133181 -0.384226 0.520572
v -0.947847 -0.412031 -0.209314
v -1.116408 -0.120076 -0.209314
v -1.074267 -0.193065 -0.355291
v -0.989988 -0.339042 -0.355291
v -0.947847 -0.412031 0.082641
v -0.989987 -0.339042 0.228618
v -0.989987 -0.339042 -0.063336
v -0.947847 -0.412031 0.374595
v -0.989987 -0.339042 0.520572
v -0.767395 -0.195510 -0.209314
v -1.046322 -0.034471 -0.209314
v -0.973334 -0.076611 -0.355291
v -0.827357 -0.160891 -0.355291
v -0.827357 -0.160891 0.228618
v -0.827357 -0.160891 -0.063336
v -0.827357 -0.160891 0.520572
v -1.418521 -0.412031 -0.209314
v -1.376381 -0.339042 -0.355291
v -1.418521 -0.412031 0.082641
v -1.376381 -0.339042 0.228618
v -1.418521 -0.412031 0.374595
v -1.590800 -0.239752 -0.209314
v -1.298845 -0.071192 -0.209314
v -1.371834 -0.113332 -0.355291
v -1.517811 -0.197612 -0.355291
v -1.590800 -0.239752 0.082641
v -1.517811 -0.197612 0.228618
v -1.517811 -0.197612 -0.063336
v -1.590800 -0.239752 0.374595
v -1.537112 -0.151017 0.520572
v -1.653858 -0.004415 -0.209314
v -1.316738 -0.004415 -0.209314
v -1.401018 -0.004415 -0.355291
v -1.569578 -0.004415 -0.355291
v -1.653858 -0.004415 0.082641
v -1.569578 -0.004415 0.228618
v -1.569578 -0.004415 -0.063336
v -1.653858 -0.004415 0.374595
v -1.569578 -0.004415 0.520572
v -1.277644 0.099083 -0.209314
v -1.350633 0.141223 -0.355291
v -1.496610 0.225503 -0.355291
v -1.496610 0.225503 0.228618
v -1.496610 0.225503 -0.063336
v -1.496610 0.225503 0.520572
v -0.269286 1.076226 0.491843
v -0.833658 1.350103 0.491843
v -0.953470 1.290787 0.491843
v -1.709526 -0.166945 0.491843
v -1.190156 -0.518768 0.491843
v -1.127031 1.004107 0.491843
v -1.625141 -0.267629 0.491843
v -1.556571 0.260121 0.491843
v -0.337855 0.548476 -0.209314
v -0.337855 0.548475 0.491843
v -0.767395 -0.195510 0.082641
v -1.127031 1.004107 -0.438987
v -1.556571 0.260121 -0.438987
v -1.127031 1.004107 -0.209314
v -1.556571 0.260121 -0.209314
v -0.890993 0.501676 -0.867271
v -0.947213 0.516740 -0.867271
v -1.059655 0.404299 -0.867271
v -1.003434 0.306922 -0.867271
v -0.947213 0.291857 -0.867271
v -0.849836 0.460519 -0.867271
v -0.947213 0.404298 -0.266205
v 0.337855 0.548475 0.374595
v 1.556571 0.260121 0.374595
v 0.767395 -0.195510 0.082641
v 0.767395 -0.195510 0.374595
v 0.841967 1.384584 0.520572
v 0.967808 1.324493 0.520572
v 0.704860 1.359111 0.520572
v 0.150883 0.985587 0.520572
v 0.140002 0.846559 0.520572
v 0.241497 1.091588 0.520572
v 0.926617 -0.515897 0.520572
v 1.052459 -0.575988 0.520572
v 1.652929 -0.282992 0.520572
v 1.754423 -0.037963 0.520572
v 1.743542 -0.176991 0.520572
v 0.325521 0.510386 0.520572
v 1.189566 -0.550515 0.520572
v 0.728242 -0.187147 0.520572
v 0.967808 1.324493 1.131276
v 0.704859 1.359111 1.131276
v 0.140002 0.846559 1.131275
v 0.241497 1.091588 1.131275
v 0.926617 -0.515897 1.131275
v 1.052459 -0.575988 1.131275
v 1.189566 -0.550515 1.131275
v 0.325521 0.510386 -0.410257
v 0.728242 -0.187147 -0.410257
v 0.833658 1.350102 0.491843
v 0.953469 1.290787 0.491843
v 0.269285 1.076226 0.491843
v 0.940956 -0.482191 0.491843
v 1.718063 -0.033528 0.491843
v 1.709526 -0.166945 0.491843
v 1.568904 0.298210 0.520572
v 1.166183 0.995743 0.520572
v 1.166183 0.995743 -0.410257
v 1.568904 0.298210 -0.410257
v 1.127031 1.004106 -0.438987
v 1.556571 0.260121 -0.438987
v 0.337855 0.548475 0.082641
v 1.556571 0.260121 0.491843
v 1.127031 1.004106 0.082641
v 1.127031 1.004106 0.374595
v 0.323108 0.553174 1.079714
v 1.130334 1.019227 1.079714
v 0.402368 0.573731 0.522735
v 1.051074 0.998671 0.522735
v 1.072902 0.960863 0.522735
v 0.380540 0.611538 0.522735
v 0.377678 0.458656 1.079714
v 1.184905 0.924708 1.079714
v 0.456939 0.479212 0.522735
v 1.105644 0.904152 0.522735
v 1.127472 0.866345 0.522735
v 0.435111 0.517020 0.522735
v 0.432248 0.364137 1.079714
v 1.239475 0.830190 1.079714
v 0.511509 0.384694 0.522735
v 1.160214 0.809634 0.522735
v 1.182042 0.771826 0.522735
v 0.489681 0.422501 0.522735
v 0.486819 0.269619 1.079714
v 1.294045 0.735672 1.079714
v 0.566079 0.290175 0.522735
v 1.214785 0.715115 0.522735
v 1.236612 0.677308 0.522735
v 0.544251 0.327983 0.522735
v 0.541389 0.175100 1.079714
v 1.348615 0.641153 1.079714
v 0.620650 0.195657 0.522735
v 1.269355 0.620597 0.522735
v 1.291183 0.582789 0.522735
v 0.598822 0.233464 0.522735
v 0.595959 0.080582 1.079714
v 1.403186 0.546635 1.079714
v 0.675220 0.101138 0.522735
v 1.323925 0.526078 0.522735
v 1.345753 0.488271 0.522735
v 0.653392 0.138946 0.522735
v 0.650530 -0.013937 1.079714
v 1.457756 0.452116 1.079714
v 0.729790 0.006620 0.522735
v 1.378495 0.431560 0.522735
v 1.400324 0.393752 0.522735
v 0.707962 0.044427 0.522735
v 0.705100 -0.108455 1.079714
v 1.512326 0.357598 1.079714
v 0.784361 -0.087899 0.522735
v 1.433066 0.337041 0.522735
v 1.454894 0.299234 0.522735
v 0.762532 -0.050091 0.522735
v 0.759670 -0.202974 1.079714
v 1.566897 0.263079 1.079714
v 0.838931 -0.182417 0.522735
v 1.487636 0.242523 0.522735
v 1.509464 0.204715 0.522735
v 0.817103 -0.144610 0.522735
v 0.727165 0.785432 -0.119628
v 0.566079 0.624346 -0.119628
v 0.507117 0.404298 -0.119628
v 0.566079 0.184250 -0.119628
v 0.727165 0.023164 -0.119628
v 0.947213 -0.035797 -0.119628
v 1.167261 0.023164 -0.119628
v 1.328347 0.184250 -0.119628
v 1.387308 0.404298 -0.119628
v 1.328347 0.624346 -0.119628
v 1.167261 0.785432 -0.119628
v 0.947213 0.844394 -0.119628
v 0.757482 0.732921 -0.595685
v 0.618590 0.594029 -0.595685
v 0.567752 0.404298 -0.595686
v 0.618590 0.214568 -0.595686
v 0.757482 0.075675 -0.595686
v 0.947213 0.024837 -0.595686
v 1.136943 0.075675 -0.595686
v 1.275835 0.214568 -0.595686
v 1.326674 0.404298 -0.595686
v 1.275836 0.594029 -0.595685
v 1.136943 0.732921 -0.595685
v 0.947213 0.783759 -0.595685
v 0.832057 0.603753 -0.651950
v 0.747758 0.519454 -0.651950
v 0.716902 0.404298 -0.651950
v 0.747758 0.289143 -0.651950
v 0.832057 0.204843 -0.651950
v 0.947213 0.173987 -0.651950
v 1.062368 0.204843 -0.651950
v 1.146668 0.289143 -0.651950
v 1.177523 0.404298 -0.651950
v 1.146668 0.519454 -0.651950
v 1.062368 0.603753 -0.651950
v 0.947213 0.634609 -0.651950
v 0.834771 0.404298 -0.867271
v 0.849836 0.348078 -0.867271
v 0.947213 0.291857 -0.867271
v 1.059654 0.404298 -0.867271
v 1.044590 0.460519 -0.867271
v 1.003433 0.501675 -0.867271
v 0.947213 -0.028878 -0.428468
v 1.163801 0.029157 -0.428468
v 0.514037 0.404298 -0.428468
v 0.572071 0.187710 -0.428468
v 1.322354 0.620886 -0.428468
v 1.163801 0.779439 -0.428468
v 1.322354 0.187710 -0.428468
v 0.730625 0.029157 -0.428468
v 0.947213 0.837474 -0.428468
v 0.730625 0.779439 -0.428468
v 0.572071 0.620886 -0.428468
v 1.380388 0.404298 -0.428468
v 0.841966 1.384584 1.131276
v 0.150883 0.985587 1.131275
v 1.652928 -0.282992 1.131276
v 1.754423 -0.037963 1.131276
v 1.743542 -0.176991 1.131276
v 0.844574 0.879696 0.426887
v 0.586825 0.730885 0.426887
v 1.049852 -0.071100 0.426887
v 1.307600 0.077711 0.426887
v 0.644465 0.928673 -0.209314
v 0.602325 1.001661 -0.355291
v 0.518045 1.147638 -0.063336
v 0.518045 1.147638 0.520572
v 0.711242 1.283685 -0.209314
v 0.711242 0.946566 -0.209314
v 0.711242 1.030846 -0.355291
v 0.711242 1.199405 -0.355291
v 0.711242 1.283685 0.082641
v 0.711242 1.199405 0.228618
v 0.711242 1.199405 -0.063336
v 0.711242 1.283685 0.374595
v 0.811248 1.186239 0.520572
v 0.946579 1.220627 -0.209314
v 0.778019 0.928673 -0.209314
v 0.820159 1.001661 -0.355291
v 0.904438 1.147639 -0.355291
v 0.946579 1.220627 0.082641
v 0.904439 1.147638 0.228618
v 0.904439 1.147638 -0.063336
v 0.946579 1.220627 0.374595
v 0.904439 1.147639 0.520572
v 0.848104 0.843068 -0.209314
v 0.921092 0.885208 -0.355291
v 1.067069 0.969488 -0.355291
v 1.067069 0.969488 0.228618
v 1.067069 0.969488 -0.063336
v 1.067069 0.969488 0.520572
v 0.475905 1.220627 -0.209314
v 1.376380 -0.339042 0.520572
v 1.376381 -0.339042 -0.063336
v 0.518045 1.147638 -0.355291
v 0.475905 1.220627 0.082641
v 0.518045 1.147638 0.228618
v 1.292101 -0.193065 -0.355291
v 0.475905 1.220627 0.374595
v 1.249961 -0.120077 -0.209314
v 0.303626 1.048348 -0.209314
v 0.595581 0.879789 -0.209314
v 0.522592 0.921929 -0.355291
v 0.376615 1.006208 -0.355291
v 0.303626 1.048348 0.082641
v 0.376615 1.006208 0.228618
v 0.376615 1.006208 -0.063336
v 0.303626 1.048348 0.374595
v 0.338014 0.913018 0.520572
v 0.240568 0.813012 -0.209314
v 0.577688 0.813012 -0.209314
v 0.493408 0.813012 -0.355291
v 0.324848 0.813012 -0.355291
v 0.240568 0.813012 0.082641
v 0.324848 0.813012 0.228618
v 0.324848 0.813012 -0.063336
v 0.240568 0.813012 0.374595
v 0.324848 0.813012 0.520572
v 0.616782 0.709514 -0.209314
v 0.543793 0.667374 -0.355291
v 0.397816 0.583094 -0.355291
v 0.397816 0.583094 0.228618
v 0.397816 0.583094 -0.063336
v 0.397816 0.583094 0.520572
v 1.590799 -0.239752 -0.209314
v 1.298845 -0.071193 -0.209314
v 1.371833 -0.113333 -0.355291
v 1.517810 -0.197612 -0.355291
v 1.590799 -0.239752 0.082641
v 1.517810 -0.197612 0.228618
v 1.517810 -0.197612 -0.063336
v 1.590799 -0.239752 0.374595
v 1.537111 -0.151017 0.520572
v 1.653857 -0.004416 -0.209314
v 1.316738 -0.004416 -0.209314
v 1.401018 -0.004416 -0.355291
v 1.569577 -0.004416 -0.355291
v 1.653857 -0.004416 0.082641
v 1.569577 -0.004416 0.228618
v 1.569577 -0.004416 -0.063336
v 1.653857 -0.004416 0.374595
v 1.569577 -0.004416 0.520572
v 1.556571 0.260121 -0.209314
v 1.277644 0.099082 -0.209314
v 1.350632 0.141222 -0.355291
v 1.496609 0.225502 -0.355291
v 1.496609 0.225502 0.228618
v 1.496609 0.225502 -0.063336
v 1.496610 0.225502 0.520572
v 1.418521 -0.412031 -0.209314
v 1.376381 -0.339042 -0.355291
v 1.418521 -0.412031 0.082641
v 1.376381 -0.339042 0.228618
v 1.418521 -0.412031 0.374595
v 1.183184 -0.475089 -0.209314
v 1.183184 -0.137969 -0.209314
v 1.183184 -0.222249 -0.355291
v 1.183184 -0.390809 -0.355291
v 1.183184 -0.475089 0.082641
v 1.183184 -0.390809 0.228618
v 1.183184 -0.390809 -0.063336
v 1.183184 -0.475089 0.374595
v 1.133181 -0.384226 0.520572
v 0.947847 -0.412031 -0.209314
v 1.116407 -0.120077 -0.209314
v 1.074267 -0.193065 -0.355291
v 0.989987 -0.339042 -0.355291
v 0.947847 -0.412031 0.082641
v 0.989987 -0.339042 0.228618
v 0.989987 -0.339042 -0.063336
v 0.947847 -0.412031 0.374595
v 0.989987 -0.339042 0.520572
v 1.046322 -0.034472 -0.209314
v 0.973333 -0.076612 -0.355291
v 0.827356 -0.160891 -0.355291
v 0.827356 -0.160891 0.228618
v 0.827356 -0.160891 -0.063336
v 0.827356 -0.160892 0.520572
v 0.704270 1.327364 0.491843
v 0.184899 0.975542 0.491843
v 0.176362 0.842124 0.491843
v 1.060768 -0.541506 0.491843
v 1.625140 -0.267629 0.491843
v 0.337855 0.548475 0.491843
v 1.190156 -0.518768 0.491843
v 0.767395 -0.195510 0.491843
v 1.127031 1.004106 -0.209314
v 1.127031 1.004106 0.491843
v 1.556571 0.260121 0.082641
v 0.337855 0.548475 -0.438987
v 0.767395 -0.195510 -0.438987
v 0.337855 0.548475 -0.209314
v 0.767395 -0.195510 -0.209314
v 0.890992 0.501675 -0.867271
v 0.849836 0.460519 -0.867271
v 0.890992 0.306921 -0.867271
v 1.003433 0.306921 -0.867271
v 1.044590 0.348078 -0.867271
v 0.947213 0.516739 -0.867271
v 0.947213 0.404298 -0.266205
v 0.533518 -1.086515 2.923621
v -0.538018 -1.086515 2.923621
v -0.002250 -1.086516 3.459388
v -0.381095 -1.086516 3.302466
v -0.538018 -1.086515 1.019259
v -0.538018 0.000000 1.019259
v -0.379582 0.377332 1.019259
v -0.538018 -0.150468 1.019259
v -0.499351 -0.410242 -0.146017
v -0.623091 -0.459899 -0.549437
v -0.337881 -0.624566 -0.549437
v -0.356746 -0.492575 -0.146017
v -0.337881 -0.624566 -0.146017
v -0.623091 -0.459899 -0.146017
v -0.337881 -0.624565 -1.098606
v -0.379649 -0.600451 -1.215043
v -0.452665 -0.558295 -1.260108
v -0.356746 -0.492575 -1.098606
v -0.392988 -0.507119 -1.215043
v -0.456345 -0.532545 -1.260108
v -0.499351 -0.410242 -1.098606
v -0.493826 -0.448901 -1.215043
v -0.484166 -0.516482 -1.260108
v -0.623091 -0.459899 -1.098606
v -0.581323 -0.484014 -1.215043
v -0.508307 -0.526170 -1.260108
v 0.376595 -1.086516 3.302466
v -0.130233 0.020068 1.019259
v -0.356743 -0.392431 1.019259
v -0.130233 -0.265143 1.019259
v -0.275345 -0.072673 1.019259
v -0.213387 0.034641 1.019259
v -0.132349 -0.341818 1.019259
v 0.130233 0.020068 1.019259
v -0.399260 -0.072673 1.019259
v -0.000000 -1.167010 0.383927
v -0.000000 -1.252609 0.921968
v 0.197453 -0.385241 1.019259
v 0.347334 -0.957008 -0.245917
v 0.582828 -0.984085 -0.119992
v 0.419309 -1.016685 -0.241282
v 0.279240 -0.629229 -0.125940
v 0.279240 -0.700794 -0.125940
v 0.320986 -0.823256 -0.245917
v 0.512808 -0.629229 -0.125940
v 0.347334 -0.890133 -0.273618
v 0.311294 -0.984711 -0.193675
v 0.053728 -0.984232 0.129840
v 0.400919 -0.676310 -0.317967
v 0.555516 -0.673961 -0.221723
v 0.450672 -0.912378 -0.311449
v 0.626050 -0.859749 -0.209743
v 0.359544 -1.075879 -0.175452
v 0.237029 -1.127409 -0.062837
v 0.376969 -1.126170 0.089984
v 0.093807 -1.132425 0.146440
v 0.343942 -1.152748 0.318454
v 0.343942 -1.152748 1.006339
v 0.486408 -1.152748 0.662397
v 0.504680 -1.086515 0.662397
v 0.287318 -1.132425 0.226596
v 0.512546 -1.061039 -0.036797
v 0.279240 -0.385240 0.439944
v 0.432191 -0.962530 0.479992
v 0.445518 -0.962530 0.011564
v 0.196908 -1.167010 0.465489
v 0.278469 -1.167010 0.662397
v 0.025128 -3.385240 -0.389218
v 0.196908 -1.167010 0.859304
v 0.271560 -1.229647 0.651781
v -0.356863 -1.086516 1.019259
v -0.351058 -1.379883 1.790675
v -0.351058 -1.086516 1.939505
v -0.351058 -1.259482 1.939505
v -0.351058 -1.182076 2.237165
v -0.351058 -1.086516 2.237165
v -0.245819 -1.086516 2.193574
v -0.351058 -1.331892 1.895914
v -0.351058 -1.331892 1.983096
v -0.245819 -1.259482 1.983096
v -0.276643 -1.331892 2.013920
v -0.245819 -1.259482 2.193574
v -0.276643 -1.331892 2.162750
v -0.351058 -1.259482 2.237165
v -0.351058 -1.331892 2.193574
v -0.351058 -1.379883 2.088335
v -0.245819 -1.086516 1.983096
v -0.245819 -1.182076 2.193574
v -0.245819 -1.182076 1.983096
v -0.276643 -1.331892 1.865090
v -0.245819 -1.086516 1.895914
v -0.245819 -1.259482 1.895914
v -0.276643 -1.331892 1.716260
v -0.245819 -1.259482 1.685436
v -0.351058 -1.331892 1.685436
v -0.351058 -1.259482 1.641845
v -0.479112 -1.259482 1.939505
v -0.536613 -1.189698 2.237165
v -0.536613 -1.086516 2.237165
v -0.479112 -1.331892 1.983096
v -0.508525 -1.259482 2.237165
v -0.479112 -1.331892 2.193574
v 0.684423 -0.921729 -0.485893
v 1.084889 -0.690520 -0.485893
v 0.695738 -0.867999 0.588796
v 1.032700 -0.673454 0.588796
v 0.695738 -0.867999 -0.089798
v 1.032700 -0.673454 -0.089798
v 0.663986 -0.886331 -0.485893
v 1.064452 -0.655122 -0.485893
v 0.687570 -0.751312 0.980341
v 0.888593 -0.568540 -0.031224
v 0.676932 -0.690742 -0.031224
v 0.888593 -0.568540 0.522779
v 0.676932 -0.690742 0.522779
v 0.336918 -1.414505 1.445449
v 0.495881 -1.348661 1.445449
v 0.561725 -0.014307 2.787061
v 0.397200 0.397200 2.788470
v 0.561725 -0.056706 2.890154
v 0.397200 0.354908 3.001085
v 0.397200 0.234471 3.181331
v 0.397200 0.054224 3.301768
v 0.561725 -0.159800 2.932553
v 0.397200 -0.158391 3.344059
v 0.561725 -1.175390 2.932553
v 0.561725 -0.428514 0.967963
v 0.561725 -0.569027 0.930228
v 0.561725 -1.189698 0.634515
v 0.397200 0.397200 1.445449
v 0.336918 -1.414505 2.454335
v 0.495881 -1.348661 2.454335
v 0.378845 -1.189698 3.302945
v 0.536613 -1.189698 2.454335
v 0.000000 0.561725 0.634515
v -0.336918 -1.414505 1.445449
v -0.495881 -1.348661 1.445449
v 0.000000 0.561725 2.788470
v -0.561725 -0.027391 2.785772
v -0.397200 0.397200 2.788470
v 0.000000 0.506910 3.064046
v -0.561725 -0.066139 2.880721
v -0.397200 0.354908 3.001085
v 0.000000 0.350808 3.297668
v -0.397200 0.234471 3.181331
v 0.000000 0.117186 3.453770
v -0.397200 0.054224 3.301768
v 0.000000 -0.158391 3.508585
v -0.561725 -0.161089 2.919469
v -0.397200 -0.158391 3.344059
v -0.397200 -1.189698 3.344059
v -0.561725 -0.014307 0.634515
v -0.561725 -0.569027 0.930228
v -0.561725 -1.189698 0.634515
v 0.000000 0.561725 1.445449
v -0.397200 0.397200 1.445449
v -0.336918 -1.414505 2.454335
v -0.495881 -1.348661 2.454335
v -0.320149 -1.397737 1.445449
v -0.479112 -1.331892 1.445449
v -0.320149 -1.397737 2.454335
v -0.536613 -1.189698 2.454335
v -0.536613 -1.189698 1.445449
v -0.561725 -0.014307 1.445449
v 0.535768 -0.014307 1.019259
v 0.535768 -1.086515 1.019259
v 0.377332 0.377332 1.019259
v -0.535768 -0.014307 0.634515
v -0.561725 -0.428514 0.967963
v 0.535768 -0.428514 1.019259
v 0.000000 0.533628 1.019259
v -0.535768 -0.014307 1.019259
v 0.561725 -0.014307 1.445449
v 0.561725 -0.788480 0.634515
v 0.569210 -0.787408 0.552175
v 0.569210 -0.858983 0.509613
v 0.561725 -0.932702 0.633586
v 0.569210 -0.931630 0.550318
v 0.350980 -0.787408 0.559081
v 0.384552 -0.788480 0.635282
v 0.333820 -0.858983 0.520132
v 0.383803 -0.932702 0.633583
v 0.350231 -0.931630 0.557382
v 0.281014 -0.695994 0.652083
v 0.234982 -0.616263 0.560018
v 0.188950 -0.536533 0.652083
v 0.281014 -0.695994 0.848523
v 0.234982 -0.616264 0.940587
v 0.188950 -0.536533 0.848523
v 0.811571 -0.283370 0.560018
v 0.765539 -0.203639 0.848523
v 0.765539 -0.203639 0.652083
v 0.857604 -0.363100 0.848523
v 0.811572 -0.283370 0.940587
v 0.857604 -0.363100 0.652083
v 0.561725 -0.014307 0.634515
v 0.535768 -0.428514 0.967963
v -0.535768 -0.428514 1.019259
v -0.535768 -0.569027 0.634515
v -0.535768 -0.428514 0.967963
v 0.038841 6.091675 1.357201
v 0.038841 0.811682 1.357201
v 0.038841 0.811682 0.983546
v 0.038841 0.251682 0.423547
v 0.038841 0.647662 0.587567
v 0.038841 0.191597 -1.421393
v 0.038841 -0.368746 0.000000
v 0.038841 -0.368746 -1.421393
v 0.038841 6.091675 -0.129898
v 3.626201 1.184229 1.357201
v 1.759693 0.106599 1.357202
v 1.759693 0.106599 0.065195
v 1.274718 -0.173401 -0.494805
v 1.617647 0.024589 -0.330784
v 1.222683 -0.203443 -1.421392
v 0.307222 -0.731985 -0.494805
v 0.307222 -0.731985 -1.421392
v 3.626201 1.184229 -0.129898
v 3.587360 1.251502 1.357201
v 1.720852 0.173873 1.357202
v 1.720852 0.173873 0.065195
v 1.235878 -0.106127 -0.494805
v 1.578806 0.091863 -0.330784
v 1.183843 -0.136170 -1.421392
v 0.268382 -0.664711 -0.494805
v 0.268382 -0.664711 -1.421392
v 3.587360 1.251502 -0.129898
v -0.038841 6.091675 1.357201
v -0.038841 0.811682 1.357201
v -0.038841 0.811682 0.983546
v -0.038841 0.251682 0.423547
v -0.038841 0.647662 0.587567
v -0.038841 0.191597 -1.421393
v -0.038841 -0.368746 0.000000
v -0.038841 -0.368746 -1.421393
v -0.038841 6.091675 -0.129898
v 0.684423 -0.921729 0.852388
v 1.084889 -0.690520 0.852388
v 0.663986 -0.886331 0.821030
v 1.064452 -0.655122 0.821030
v 0.687570 -0.751312 0.908867
v 0.935730 -0.608037 0.980341
v 0.935730 -0.608037 0.908867
v 0.397200 0.397200 0.634515
v 0.561725 -1.189698 1.445449
v 0.397200 -1.189698 3.344059
v 0.561725 -0.294693 0.930228
v 0.561725 -1.189698 2.454335
v 0.320149 -1.397737 1.445449
v 0.479112 -1.331892 1.445449
v 0.320149 -1.397737 2.454335
v 0.479112 -1.331892 2.454335
v 0.535768 -1.189698 2.924100
v 0.535768 -1.189697 0.634515
v 0.536613 -1.189698 1.445449
v -0.397200 0.397200 0.634515
v -0.561725 -1.189698 1.445449
v 0.000000 -1.189698 3.508585
v -0.561725 -1.162307 2.919469
v -0.561725 -1.189698 2.454335
v -0.479112 -1.331892 2.454335
v 0.000000 -1.189698 3.459868
v -0.535768 -1.189698 2.924100
v -0.378845 -1.189698 3.302945
v -0.535768 -1.189697 0.634515
v 0.377332 0.377332 0.634515
v 0.535768 -0.014307 0.634515
v 0.000000 0.533628 0.634515
v -0.377332 0.377332 0.634515
v -0.561725 -0.294693 0.930228
v 0.561725 -0.294693 0.634515
v 0.561725 -0.569027 0.634515
v 0.535768 -0.294693 0.634515
v 0.535768 -0.569027 0.634515
v 0.535768 -0.569027 0.930228
v 0.535768 -0.294693 0.930228
v -0.561725 -0.294693 0.634515
v -0.561725 -0.569027 0.634515
v -0.535768 -0.294693 0.634515
v -0.535768 -0.569027 0.930228
v -0.535768 -0.294693 0.930228
v -0.245819 -1.086515 1.685436
v -0.351058 -1.086515 1.641845
v -0.351058 -1.182076 1.641845
v -0.245819 -1.182076 1.895914
v -0.245819 -1.182076 1.685436
v -0.351058 -1.182076 1.939505
v -0.479112 -1.331892 1.685436
v -0.508525 -1.259482 1.641845
v -0.479112 -1.331892 1.895914
v -0.536613 -1.086515 1.641845
v -0.536613 -1.189697 1.641845
v 0.150413 -1.250744 0.465489
v 0.192022 -1.245884 0.842832
v 0.192022 -1.216550 0.465489
v 0.000000 -1.206683 0.383927
v -0.000000 -1.167010 0.940866
v 0.000000 -1.152748 0.175989
v -0.347334 -0.957008 -0.245917
v -0.582828 -0.984085 -0.119992
v -0.419309 -1.016685 -0.241282
v -0.279240 -0.629229 -0.125940
v -0.279240 -0.700794 -0.125940
v 0.000000 -0.984232 0.157717
v -0.269121 -0.823256 -0.245917
v 0.478663 -0.552885 0.011564
v 0.279240 -0.392431 0.011564
v 0.478662 -0.392431 0.479992
v 0.478662 -0.392431 0.011564
v 0.434806 -0.186659 0.011564
v 0.446056 -0.272114 0.011564
v 0.538018 0.000000 1.019259
v 0.538018 -0.150468 1.019259
v 0.514813 -0.324368 0.011564
v 0.599894 -0.313334 0.011564
v 0.652365 -0.244953 0.011564
v 0.487867 -0.119315 -0.032049
v 0.435946 -0.186980 -0.032049
v 0.447078 -0.271540 -0.032049
v 0.515114 -0.323247 -0.032049
v 0.599304 -0.312328 -0.032049
v 0.651224 -0.244664 -0.032049
v 0.640092 -0.160103 -0.032049
v 0.572427 -0.108182 -0.032049
v 0.446056 -0.272114 0.479992
v 0.652364 -0.244953 0.479992
v 0.599894 -0.313334 0.479992
v 0.487867 -0.119315 0.523604
v 0.435946 -0.186980 0.523604
v 0.447078 -0.271540 0.523604
v 0.515114 -0.323247 0.523604
v 0.599304 -0.312328 0.523604
v 0.651225 -0.244664 0.523604
v 0.640092 -0.160103 0.523604
v 0.572427 -0.108182 0.523604
v 0.851539 -0.589933 0.479992
v 0.713987 -0.669349 0.479992
v 0.851539 -0.589933 0.011564
v 0.713987 -0.669349 0.011564
v 0.434806 -0.186659 0.479992
v 0.514813 -0.324368 0.479992
v -0.478663 -0.552885 0.011564
v -0.279240 -0.392431 0.011564
v -0.478662 -0.392431 0.479992
v -0.432191 -0.962530 0.479992
v -0.434806 -0.186659 0.011564
v -0.446056 -0.272114 0.011564
v -0.514813 -0.324368 0.011564
v -0.599894 -0.313334 0.011564
v -0.652365 -0.244953 0.011564
v -0.487867 -0.119315 -0.032049
v -0.435946 -0.186980 -0.032049
v -0.447078 -0.271540 -0.032049
v -0.515114 -0.323247 -0.032049
v -0.599304 -0.312328 -0.032049
v 0.356743 -0.392431 1.019259
v 0.130233 -0.265143 1.019259
v 0.275345 -0.072673 1.019259
v 0.213387 0.034641 1.019259
v 0.132349 -0.341818 1.019259
v 0.461218 0.034641 1.019259
v 0.399260 -0.072673 1.019259
v -0.651224 -0.244664 -0.032049
v -0.640092 -0.160103 -0.032049
v -0.572427 -0.108182 -0.032049
v -0.446056 -0.272114 0.479992
v -0.652364 -0.244953 0.479992
v -0.599894 -0.313334 0.479992
v -0.487867 -0.119315 0.523604
v -0.435946 -0.186980 0.523604
v -0.447078 -0.271540 0.523604
v -0.515114 -0.323247 0.523604
v -0.599304 -0.312328 0.523604
v -0.651225 -0.244664 0.523604
v -0.640092 -0.160103 0.523604
v -0.572427 -0.108182 0.523604
v -0.851539 -0.589933 0.479992
v -0.851539 -0.589933 0.011564
v 0.356863 -1.086516 1.019259
v 0.000000 -1.086516 1.167077
v -0.434806 -0.186659 0.479992
v -0.514813 -0.324368 0.479992
v 0.499351 -0.410242 -0.146017
v 0.623091 -0.459899 -0.549437
v 0.337881 -0.624566 -0.549437
v 0.356746 -0.492575 -0.146017
v 0.337881 -0.624566 -0.146017
v 0.623091 -0.459899 -0.146017
v 0.337881 -0.624565 -1.098606
v 0.379649 -0.600451 -1.215043
v 0.452665 -0.558295 -1.260108
v 0.356746 -0.492575 -1.098606
v 0.392988 -0.507119 -1.215043
v 0.456345 -0.532545 -1.260108
v 0.499351 -0.410242 -1.098606
v 0.493826 -0.448901 -1.215043
v 0.484166 -0.516482 -1.260108
v 0.623091 -0.459899 -1.098606
v 0.581323 -0.484014 -1.215043
v 0.508307 -0.526170 -1.260108
v -0.269121 -0.890133 -0.273618
v -0.269121 -0.957008 -0.245917
v -0.269121 -0.984711 -0.179040
v -0.257225 -0.890133 -0.305944
v -0.257225 -0.979867 -0.268774
v -0.257225 -1.017036 -0.179040
v -0.257225 -0.800398 -0.268774
v 0.233128 -0.977146 -0.179040
v 0.233128 -0.951661 -0.240568
v 0.233128 -0.890133 -0.266054
v 0.233128 -0.828605 -0.240568
v 0.211398 -0.890133 -0.304599
v 0.211398 -0.978916 -0.267824
v 0.211398 -1.015692 -0.179040
v 0.211398 -0.984232 -0.090256
v 0.211398 -0.801349 -0.267824
v 0.076959 -0.890133 -0.312118
v 0.076959 -0.984232 -0.273140
v 0.076959 -1.023211 -0.179040
v 0.076959 -0.984232 -0.084940
v 0.076959 -0.796033 -0.273140
v -0.257225 -0.984232 -0.145810
v -0.266041 -0.747437 -0.179040
v -0.320986 -0.823256 -0.245917
v -0.512808 -0.629229 -0.125940
v -0.347334 -0.890133 -0.273618
v -0.311294 -0.978648 -0.193675
v -0.053728 -0.984232 0.129840
v -0.400919 -0.676310 -0.317967
v -0.478662 -0.392431 0.011564
v -0.555516 -0.673961 -0.221723
v -0.038841 -0.154662 -1.260109
v -0.038841 -0.238974 -1.215043
v -0.038841 -0.287204 -1.098607
v -0.097643 -0.138600 -1.260109
v -0.151340 -0.180756 -1.215043
v -0.182057 -0.204871 -1.098607
v -0.097643 -0.106475 -1.260109
v -0.151340 -0.064319 -1.215043
v -0.182057 -0.040204 -1.098607
v -0.038841 -0.090413 -1.260109
v -0.038841 -0.006101 -1.215043
v -0.038841 0.042129 -1.098607
v -0.038841 -0.287204 0.439944
v -0.137732 -0.265143 0.439944
v -0.182058 -0.204871 0.439944
v -0.182057 -0.040205 0.439944
v -0.038841 0.042129 0.439944
v -0.038841 0.042129 0.207018
v -0.038841 -0.287204 -0.022097
v -0.266041 -0.700794 -0.432641
v -0.279240 -0.700794 -0.389218
v 0.266041 -0.747437 -0.179040
v -0.266041 -0.747437 -0.389218
v -0.266041 -0.385240 -0.432641
v -0.279240 -0.385240 -0.389218
v -0.266041 -0.341817 -0.389218
v -0.139972 -0.341817 0.439944
v -0.266041 -0.341817 0.439944
v -0.279240 -0.427624 -0.209447
v -0.279240 -0.511131 -0.244037
v -0.279240 -0.594638 -0.209447
v -0.707578 -0.393034 -0.125940
v -0.707578 -0.427624 -0.209447
v -0.707578 -0.511131 -0.244037
v -0.707578 -0.594638 -0.209447
v -0.707578 -0.629228 -0.125940
v -0.707578 -0.594638 -0.042433
v -0.707578 -0.511131 -0.007843
v -0.707578 -0.427624 -0.042433
v -0.172114 -0.204871 1.019259
v -0.275345 0.141955 1.019259
v -0.188119 -0.341818 1.019259
v -0.197453 -0.385241 1.019259
v -0.461218 0.034641 1.019259
v -0.399260 0.141955 1.019259
v -0.275345 0.141955 0.440025
v -0.213387 0.034641 0.440025
v -0.275345 -0.072673 0.440025
v -0.399260 -0.072673 0.440025
v -0.461218 0.034641 0.440025
v -0.399260 0.141955 0.440025
v -0.323075 0.169512 0.314137
v -0.288338 0.077914 0.238254
v -0.350295 -0.029400 0.238254
v -0.446990 -0.045116 0.314137
v -0.481728 0.046482 0.390019
v -0.419770 0.153796 0.390019
v -0.526239 0.286809 0.264092
v -0.557218 0.233152 0.156778
v -0.619176 0.125838 0.156778
v -0.650155 0.072181 0.264092
v -0.619176 0.125838 0.371406
v -0.557218 0.233152 0.371406
v 0.038841 -0.154662 -1.260109
v 0.038841 -0.238974 -1.215043
v 0.038841 -0.287204 -1.098607
v 0.097643 -0.138600 -1.260109
v 0.151340 -0.180756 -1.215043
v 0.182057 -0.204871 -1.098607
v 0.097643 -0.106475 -1.260109
v 0.151340 -0.064319 -1.215043
v 0.182057 -0.040204 -1.098607
v 0.038841 -0.090413 -1.260109
v 0.038841 -0.006101 -1.215043
v 0.038841 0.042129 -1.098607
v 0.038841 -0.287204 0.439944
v 0.182057 -0.040205 0.439944
v 0.038841 0.042129 0.207018
v 0.038841 -0.287204 -0.022097
v 0.182058 -0.204871 0.439944
v 0.266041 -0.700794 -0.432641
v 0.279240 -0.700794 -0.389218
v 0.266041 -0.747437 -0.389218
v 0.266041 -0.385240 -0.432641
v 0.279240 -0.385240 -0.389218
v 0.266041 -0.341817 -0.389218
v -0.450672 -0.912378 -0.311449
v -0.626050 -0.859749 -0.209743
v -0.359544 -1.075879 -0.175452
v -0.237029 -1.127409 -0.062837
v -0.376969 -1.126170 0.089984
v -0.093807 -1.132425 0.146440
v -0.343942 -1.152748 0.318454
v -0.150413 -1.309625 0.717877
v -0.212716 -1.276020 0.576273
v -0.150413 -1.250744 0.465489
v -0.000000 -1.228497 0.383927
v -0.192022 -1.245884 0.842832
v -0.271560 -1.229647 0.651781
v -0.192022 -1.216550 0.465489
v -0.196908 -1.167010 0.859304
v -0.278469 -1.167010 0.662397
v -0.196908 -1.167010 0.465489
v 0.000000 -1.152748 1.148805
v -0.343942 -1.152748 1.006339
v -0.486408 -1.152748 0.662397
v -0.504680 -1.086515 0.662397
v -0.287318 -1.132425 0.226596
v -0.512546 -1.061039 -0.036797
v -0.279240 -0.385240 0.439944
v -0.445518 -0.962530 0.011564
v 0.137732 -0.265143 0.439944
v 0.038841 0.042129 0.439944
v -0.000000 -1.125896 0.413279
v -0.150413 -1.127571 0.473539
v -0.212716 -1.131612 0.619020
v -0.150413 -1.135653 0.764500
v 0.000000 -1.137327 0.824761
v 0.139972 -0.341817 0.439944
v 0.266041 -0.341817 0.439944
v 0.279240 -0.427624 -0.209447
v 0.279240 -0.511131 -0.244037
v 0.279240 -0.594638 -0.209447
v 0.707578 -0.393034 -0.125940
v 0.707578 -0.427624 -0.209447
v 0.707578 -0.511131 -0.244037
v 0.707578 -0.594638 -0.209447
v 0.707578 -0.629228 -0.125940
v 0.707578 -0.594638 -0.042433
v 0.707578 -0.511131 -0.007843
v 0.707578 -0.427624 -0.042433
v 0.212716 -1.276020 0.576273
v 0.150413 -1.309625 0.717877
v 0.172114 -0.204871 1.019259
v -0.000000 -1.323545 0.776531
v 0.275345 0.141955 1.019259
v 0.188119 -0.341818 1.019259
v 0.399260 0.141955 1.019259
v 0.275345 0.141955 0.440025
v 0.213387 0.034641 0.440025
v 0.275345 -0.072673 0.440025
v 0.399260 -0.072673 0.440025
v 0.461218 0.034641 0.440025
v 0.399260 0.141955 0.440025
v 0.323075 0.169512 0.314137
v 0.288338 0.077914 0.238254
v 0.350295 -0.029400 0.238254
v 0.446990 -0.045116 0.314137
v 0.481728 0.046482 0.390019
v 0.419770 0.153796 0.390019
v 0.526239 0.286809 0.264092
v 0.557218 0.233152 0.156778
v 0.619176 0.125838 0.156778
v 0.650155 0.072181 0.264092
v 0.619176 0.125838 0.371406
v 0.557218 0.233152 0.371406
v 0.150413 -1.127571 0.473539
v 0.212716 -1.131612 0.619020
v 0.150413 -1.135653 0.764500
v -3.626201 1.184229 1.357201
v -1.759693 0.106599 1.357202
v -1.759693 0.106599 0.065195
v -1.274718 -0.173401 -0.494805
v -1.617647 0.024589 -0.330784
v -1.222683 -0.203443 -1.421392
v -0.307222 -0.731985 -0.494805
v -0.307222 -0.731985 -1.421392
v -3.626201 1.184229 -0.129898
v -3.587360 1.251502 1.357201
v -1.720852 0.173873 1.357202
v -1.720852 0.173873 0.065195
v -1.235878 -0.106127 -0.494805
v -1.578806 0.091863 -0.330784
v -1.183843 -0.136170 -1.421392
v -0.268382 -0.664711 -0.494805
v -0.268382 -0.664711 -1.421392
v -3.587360 1.251502 -0.129898
v -1.084888 -0.690520 -0.485892
v -0.684423 -0.921729 -0.485893
v -1.032699 -0.673455 0.588796
v -0.695738 -0.868000 0.588796
v -1.032700 -0.673455 -0.089798
v -0.695738 -0.868000 -0.089798
v -1.064451 -0.655123 -0.485892
v -0.663986 -0.886331 -0.485893
v -0.935730 -0.608037 0.980341
v -0.713987 -0.669349 0.011564
v -0.713987 -0.669349 0.479992
v -0.676933 -0.690742 -0.031223
v -0.888594 -0.568540 -0.031223
v -0.676932 -0.690742 0.522779
v -0.888594 -0.568540 0.522779
v -1.084888 -0.690520 0.852388
v -0.684423 -0.921729 0.852388
v -1.064451 -0.655123 0.821030
v -0.663986 -0.886331 0.821030
v -0.935730 -0.608037 0.908867
v -0.687569 -0.751313 0.980341
v -0.687569 -0.751313 0.908867
v -0.281014 -0.695994 0.848523
v -0.234982 -0.616263 0.940587
v -0.188950 -0.536533 0.848523
v -0.281014 -0.695994 0.652083
v -0.234982 -0.616264 0.560019
v -0.188950 -0.536533 0.652083
v -0.811571 -0.283370 0.940587
v -0.765539 -0.203639 0.652083
v -0.765539 -0.203639 0.848523
v -0.857604 -0.363100 0.652083
v -0.811572 -0.283370 0.560019
v -0.857604 -0.363100 0.848523
s off
f 39 36 37
f 34 41 2
f 18 3 4
f 16 40 26
f 35 42 43
f 46 45 44
f 47 44 45
f 52 51 50
f 51 55 50
f 56 60 57
f 59 56 57
f 64 63 62
f 65 62 63
f 70 69 68
f 71 68 69
f 76 75 74
f 75 79 74
f 82 81 80
f 83 80 81
f 88 87 86
f 89 86 87
f 94 93 92
f 95 92 93
f 26 288 27
f 199 270 216
f 183 223 166
f 166 197 161
f 241 232 223
f 253 262 270
f 289 288 287
f 197 199 161
f 199 216 208
f 175 183 166
f 240 37 286
f 289 26 40
f 16 281 1
f 18 4 283
f 285 35 43
f 34 286 37
f 36 284 42
f 290 27 288
f 334 335 333
f 331 338 299
f 315 300 301
f 313 337 323
f 332 339 340
f 343 342 341
f 344 341 342
f 349 348 347
f 350 347 348
f 355 354 353
f 356 353 354
f 359 363 360
f 362 359 360
f 367 366 365
f 366 370 365
f 373 372 371
f 374 371 372
f 379 378 377
f 380 377 378
f 383 387 384
f 386 383 384
f 389 393 390
f 390 394 389
f 324 584 585
f 550 513 496
f 480 520 463
f 520 458 463
f 538 529 520
f 550 559 567
f 586 585 584
f 458 550 496
f 496 513 505
f 472 480 463
f 537 334 583
f 586 323 337
f 313 578 298
f 315 301 580
f 582 332 340
f 331 583 334
f 333 581 339
f 587 324 585
f 842 847 728
f 746 863 762
f 751 855 752
f 730 754 753
f 621 597 595
f 974 596 665
f 623 599 602
f 598 595 597
f 859 872 793
f 699 708 709
f 701 706 702
f 701 709 707
f 701 704 703
f 702 708 700
f 874 872 747
f 873 746 762
f 720 727 847
f 842 846 726
f 748 757 851
f 854 855 756
f 723 849 848
f 853 858 745
f 866 869 722
f 790 867 861
f 848 866 723
f 729 863 850
f 729 860 862
f 813 815 814
f 745 856 852
f 844 839 711
f 790 860 838
f 846 725 726
f 827 803 800
f 825 801 798
f 829 800 802
f 828 802 801
f 822 803 830
f 800 799 798
f 801 800 798
f 824 830 826
f 818 812 809
f 809 820 818
f 804 806 812
f 810 809 807
f 808 809 812
f 806 808 812
f 813 805 804
f 819 818 820
f 817 818 816
f 817 815 821
f 810 820 811
f 824 823 822
f 822 796 795
f 828 827 829
f 826 827 825
f 813 812 821
f 797 803 795
f 796 797 795
f 832 837 836
f 840 856 727
f 841 867 865
f 873 864 871
f 710 844 711
f 845 710 725
f 730 755 751
f 851 754 731
f 756 853 854
f 698 834 832
f 831 835 833
f 697 833 703
f 836 835 705
f 697 704 698
f 699 834 700
f 702 834 704
f 701 833 699
f 834 835 837
f 831 698 832
f 831 836 705
f 906 956 955
f 599 665 596
f 1039 1038 1052
f 628 1161 953
f 952 628 953
f 951 1162 954
f 956 1159 952
f 1067 624 627
f 622 626 1066
f 629 1065 602
f 1070 601 1066
f 629 600 1069
f 1070 600 601
f 1137 1144 1101
f 1052 1101 1144
f 1042 1101 1038
f 625 622 1065
f 950 632 1162
f 1067 623 1065
f 1196 1194 1195
f 1199 1193 1202
f 1201 1190 1199
f 1185 1187 1186
f 1191 1190 1192
f 1190 1189 1193
f 1187 1193 1189
f 1185 1195 1194
f 1199 1200 1201
f 1198 1199 1202
f 1198 1202 1196
f 1191 1201 1200
f 1202 1185 1194
f 974 760 595
f 765 628 622
f 760 950 907
f 1161 765 761
f 1163 1161 761
f 1163 906 955
f 765 1066 601
f 1205 1216 1217
f 1207 1214 1208
f 1207 1217 1215
f 1207 1210 1209
f 1208 1216 1206
f 1212 1216 1214
f 1219 1224 1223
f 1204 1221 1219
f 1218 1222 1220
f 1203 1220 1209
f 1223 1222 1211
f 1203 1210 1204
f 1205 1221 1206
f 1208 1221 1210
f 1207 1220 1205
f 1220 1224 1221
f 1218 1204 1219
f 1218 1223 1211
f 932 707 933
f 931 708 930
f 930 706 932
f 933 709 931
f 972 1214 1215
f 971 1216 1213
f 971 1215 1217
f 39 38 36
f 18 27 3
f 16 1 40
f 35 36 42
f 46 48 45
f 47 49 44
f 52 54 51
f 51 53 55
f 56 58 60
f 59 61 56
f 64 66 63
f 65 67 62
f 70 72 69
f 71 73 68
f 76 78 75
f 75 77 79
f 82 84 81
f 83 85 80
f 88 90 87
f 89 91 86
f 94 96 93
f 95 97 92
f 26 287 288
f 199 253 270
f 183 241 223
f 166 223 197
f 289 290 288
f 197 253 199
f 240 39 37
f 289 287 26
f 34 2 286
f 36 38 284
f 290 3 27
f 334 336 335
f 315 324 300
f 313 298 337
f 332 333 339
f 343 345 342
f 344 346 341
f 349 351 348
f 350 352 347
f 355 357 354
f 356 358 353
f 359 361 363
f 362 364 359
f 367 369 366
f 366 368 370
f 373 375 372
f 374 376 371
f 379 381 378
f 380 382 377
f 383 385 387
f 386 388 383
f 389 391 393
f 390 392 394
f 324 323 584
f 550 567 513
f 480 538 520
f 520 494 458
f 586 587 585
f 458 494 550
f 537 336 334
f 586 584 323
f 331 299 583
f 333 335 581
f 587 300 324
f 842 720 847
f 746 850 863
f 751 755 855
f 730 731 754
f 974 595 596
f 623 665 599
f 598 596 595
f 859 748 872
f 699 700 708
f 701 707 706
f 701 699 709
f 701 702 704
f 702 706 708
f 874 793 872
f 873 871 746
f 720 840 727
f 842 728 846
f 748 859 757
f 854 752 855
f 723 839 849
f 853 857 858
f 866 868 869
f 790 865 867
f 848 868 866
f 729 862 863
f 729 838 860
f 813 821 815
f 745 858 856
f 844 849 839
f 790 861 860
f 846 845 725
f 827 830 803
f 825 828 801
f 829 827 800
f 828 829 802
f 822 795 803
f 800 803 799
f 801 802 800
f 824 822 830
f 818 821 812
f 809 811 820
f 804 805 806
f 810 811 809
f 808 807 809
f 813 814 805
f 819 816 818
f 817 821 818
f 810 819 820
f 822 823 796
f 828 825 827
f 826 830 827
f 813 804 812
f 797 799 803
f 832 834 837
f 840 852 856
f 841 870 867
f 873 875 864
f 710 843 844
f 845 843 710
f 730 753 755
f 851 757 754
f 756 857 853
f 698 704 834
f 831 705 835
f 697 831 833
f 836 837 835
f 697 703 704
f 699 833 834
f 702 700 834
f 701 703 833
f 834 833 835
f 831 697 698
f 831 832 836
f 906 907 956
f 952 1159 628
f 951 1159 1162
f 956 907 1159
f 1067 1065 624
f 629 625 1065
f 629 602 600
f 1070 1069 600
f 1052 1038 1101
f 1042 1138 1101
f 625 626 622
f 1162 1159 950
f 1159 907 950
f 1068 623 1067
f 623 602 1065
f 1196 1202 1194
f 1199 1190 1193
f 1201 1192 1190
f 1185 1193 1187
f 1191 1188 1190
f 1190 1188 1189
f 1185 1186 1195
f 1199 1197 1200
f 1198 1197 1199
f 1191 1192 1201
f 1202 1193 1185
f 974 973 760
f 760 973 950
f 1161 628 765
f 1163 761 906
f 765 622 1066
f 1205 1206 1216
f 1207 1215 1214
f 1207 1205 1217
f 1207 1208 1210
f 1208 1214 1216
f 1212 1213 1216
f 1219 1221 1224
f 1204 1210 1221
f 1218 1211 1222
f 1203 1218 1220
f 1223 1224 1222
f 1203 1209 1210
f 1205 1220 1221
f 1208 1206 1221
f 1207 1209 1220
f 1220 1222 1224
f 1218 1203 1204
f 1218 1219 1223
f 932 706 707
f 931 709 708
f 930 708 706
f 933 707 709
f 972 1212 1214
f 971 1217 1216
f 971 972 1215
s 1
f 24 11 12
f 7 22 20
f 14 41 34
f 14 33 32
f 6 28 5
f 12 25 24
f 21 9 16
f 37 35 34
f 16 27 18
f 295 294 297
f 35 6 19
f 18 11 23
f 16 23 21
f 141 115 116
f 142 113 143
f 145 119 120
f 141 117 146
f 147 113 114
f 145 121 148
f 150 110 111
f 151 117 118
f 140 114 115
f 149 121 110
f 150 112 142
f 151 119 144
f 120 133 121
f 111 122 123
f 117 130 118
f 114 127 115
f 110 133 122
f 112 123 124
f 118 131 119
f 115 128 116
f 112 125 113
f 120 131 132
f 117 128 129
f 114 125 126
f 7 30 10
f 9 277 278
f 13 33 15
f 9 281 16
f 10 277 8
f 17 279 282
f 130 138 131
f 17 280 13
f 124 135 125
f 131 139 132
f 15 154 13
f 106 144 107
f 99 142 100
f 109 149 98
f 102 140 103
f 105 151 106
f 98 150 99
f 109 145 148
f 101 147 102
f 105 141 146
f 107 145 108
f 101 142 143
f 103 141 104
f 159 157 158
f 154 155 160
f 13 25 17
f 234 222 225
f 237 226 228
f 233 225 224
f 250 229 251
f 248 222 247
f 249 228 226
f 236 229 227
f 168 162 192
f 169 163 193
f 189 168 192
f 164 172 196
f 170 193 194
f 167 161 162
f 172 179 170
f 163 165 189
f 168 176 167
f 169 180 171
f 165 177 168
f 179 169 170
f 167 175 166
f 180 165 171
f 184 175 176
f 203 196 194
f 185 176 177
f 248 224 225
f 191 222 228
f 195 223 224
f 202 194 193
f 161 200 162
f 250 226 227
f 189 204 163
f 193 204 202
f 192 198 189
f 164 205 206
f 212 205 203
f 192 200 201
f 209 201 200
f 213 202 204
f 210 198 201
f 211 203 202
f 208 200 199
f 207 204 198
f 208 217 209
f 209 218 210
f 226 236 227
f 232 224 223
f 222 237 228
f 232 242 233
f 251 257 250
f 240 237 231
f 233 243 234
f 234 240 231
f 250 256 249
f 254 197 195
f 191 252 247
f 249 258 191
f 252 248 247
f 190 259 251
f 259 266 257
f 255 195 248
f 255 263 254
f 256 267 258
f 261 255 252
f 266 256 257
f 263 253 254
f 258 261 252
f 271 262 263
f 272 263 264
f 270 217 216
f 217 272 218
f 243 184 185
f 242 183 184
f 281 215 221
f 282 190 280
f 206 278 277
f 260 282 279
f 260 268 259
f 190 229 230
f 214 206 205
f 230 238 239
f 196 170 194
f 284 177 174
f 173 181 172
f 180 284 174
f 286 236 235
f 237 286 235
f 284 243 185
f 245 240 286
f 11 283 31
f 11 279 12
f 292 291 297
f 6 285 29
f 21 8 9
f 291 296 297
f 22 8 153
f 156 14 155
f 5 20 152
f 35 155 34
f 126 135 293
f 132 296 133
f 123 291 292
f 130 295 137
f 126 136 127
f 122 296 291
f 124 292 134
f 127 294 128
f 128 295 129
f 139 138 297
f 293 135 297
f 296 139 297
f 137 295 297
f 136 293 297
f 134 292 297
f 138 137 297
f 294 136 297
f 135 134 297
f 5 19 6
f 7 28 276
f 34 155 14
f 19 160 155
f 154 159 25
f 20 19 152
f 23 25 159
f 22 157 20
f 22 21 158
f 23 158 21
f 1 215 214
f 2 239 238
f 266 3 265
f 3 267 265
f 269 4 268
f 182 43 181
f 206 30 164
f 230 32 33
f 276 164 30
f 182 285 188
f 173 276 28
f 179 42 178
f 31 260 279
f 269 283 275
f 230 280 190
f 236 2 238
f 4 266 268
f 2 244 286
f 212 1 214
f 41 246 2
f 239 41 32
f 42 180 178
f 187 42 284
f 43 42 186
f 285 43 188
f 173 29 182
f 1 281 221
f 219 40 1
f 289 40 220
f 40 212 211
f 289 213 207
f 213 40 211
f 210 289 207
f 267 290 261
f 290 264 261
f 272 289 218
f 43 179 181
f 3 290 274
f 4 3 273
f 4 275 283
f 39 284 38
f 321 308 309
f 307 317 304
f 311 338 331
f 311 330 329
f 303 325 302
f 309 322 321
f 318 306 313
f 334 332 331
f 313 324 315
f 592 591 594
f 332 303 316
f 315 308 320
f 315 318 313
f 438 412 413
f 439 410 440
f 441 417 442
f 443 413 414
f 444 410 411
f 445 417 418
f 447 407 408
f 448 414 415
f 437 411 412
f 446 418 407
f 439 408 409
f 448 416 441
f 418 429 430
f 408 419 420
f 415 426 427
f 411 424 412
f 418 419 407
f 408 421 409
f 415 428 416
f 412 425 413
f 409 422 410
f 417 428 429
f 413 426 414
f 411 422 423
f 304 327 307
f 306 574 575
f 310 330 312
f 306 578 313
f 307 574 305
f 314 576 579
f 427 435 428
f 314 577 310
f 421 432 422
f 429 435 436
f 310 453 451
f 403 441 404
f 397 447 439
f 406 446 395
f 399 437 400
f 402 448 403
f 395 447 396
f 405 445 406
f 399 440 444
f 401 443 402
f 404 442 405
f 398 439 440
f 400 438 401
f 456 454 455
f 451 452 457
f 310 322 314
f 531 519 522
f 534 523 525
f 530 522 521
f 547 526 548
f 545 519 544
f 546 525 523
f 533 526 524
f 465 459 489
f 490 468 460
f 462 489 486
f 461 469 493
f 467 490 491
f 464 458 459
f 469 476 467
f 468 486 460
f 465 473 464
f 466 477 468
f 462 474 465
f 476 466 467
f 464 472 463
f 477 462 468
f 481 472 473
f 500 493 491
f 482 473 474
f 545 521 522
f 488 519 525
f 492 520 521
f 499 491 490
f 458 497 459
f 547 523 524
f 460 495 501
f 460 499 490
f 489 495 486
f 461 502 503
f 509 502 500
f 489 497 498
f 497 507 498
f 501 508 499
f 507 495 498
f 499 509 500
f 505 497 496
f 504 501 495
f 505 514 506
f 506 515 507
f 523 533 524
f 529 521 520
f 519 534 525
f 529 539 530
f 556 547 548
f 537 534 528
f 530 540 531
f 531 537 528
f 547 553 546
f 551 494 492
f 555 544 488
f 546 555 488
f 549 545 544
f 487 556 548
f 565 554 556
f 545 551 492
f 552 560 551
f 553 564 555
f 558 552 549
f 563 553 554
f 560 550 551
f 555 558 549
f 568 559 560
f 569 560 561
f 567 514 513
f 568 515 514
f 540 481 482
f 481 538 480
f 578 512 518
f 579 487 577
f 503 575 574
f 557 579 576
f 557 565 556
f 487 526 527
f 511 503 502
f 527 535 536
f 493 467 491
f 581 474 471
f 470 478 469
f 477 581 471
f 583 533 532
f 534 583 532
f 537 482 581
f 542 537 583
f 308 580 328
f 308 576 309
f 589 588 594
f 303 582 326
f 318 305 306
f 588 593 594
f 319 305 450
f 453 311 452
f 302 317 449
f 332 452 331
f 423 432 590
f 429 593 430
f 419 589 420
f 426 434 427
f 423 433 424
f 419 593 588
f 421 589 431
f 425 433 591
f 425 592 426
f 436 435 594
f 590 432 594
f 593 436 594
f 434 592 594
f 433 590 594
f 431 589 594
f 435 434 594
f 591 433 594
f 432 431 594
f 449 303 302
f 304 325 573
f 331 452 311
f 452 454 457
f 451 456 322
f 317 316 449
f 320 322 456
f 317 455 454
f 319 318 455
f 320 455 318
f 298 512 511
f 299 536 535
f 563 300 562
f 300 564 562
f 566 301 565
f 479 340 478
f 503 327 461
f 527 329 330
f 573 461 327
f 479 582 485
f 470 573 325
f 476 339 475
f 328 557 576
f 566 580 572
f 527 577 487
f 533 299 535
f 301 563 565
f 299 541 583
f 509 298 511
f 338 543 299
f 536 338 329
f 339 477 475
f 484 339 581
f 340 339 483
f 582 340 485
f 470 326 479
f 298 578 518
f 516 337 298
f 586 337 517
f 337 509 508
f 586 510 504
f 510 337 508
f 507 586 504
f 564 587 558
f 587 561 558
f 569 586 515
f 340 476 478
f 300 587 571
f 301 300 570
f 301 572 580
f 336 581 335
f 604 608 603
f 616 620 619
f 605 608 604
f 603 612 615
f 613 615 612
f 613 611 614
f 617 613 614
f 617 611 620
f 615 619 618
f 604 615 618
f 612 605 609
f 612 610 613
f 880 877 876
f 682 670 669
f 682 681 671
f 677 678 679
f 676 675 674
f 676 669 678
f 674 682 676
f 680 673 675
f 680 677 679
f 675 677 680
f 673 674 675
f 1119 1141 1142
f 1120 1140 1141
f 1160 888 631
f 693 669 670
f 678 696 679
f 680 694 673
f 690 687 689
f 666 684 672
f 879 876 685
f 880 686 688
f 666 882 689
f 878 885 877
f 666 689 687
f 687 686 684
f 690 880 688
f 769 774 768
f 735 713 732
f 735 716 715
f 740 716 738
f 742 717 740
f 714 718 712
f 747 794 874
f 717 718 714
f 736 739 737
f 724 732 713
f 726 710 711
f 763 875 794
f 734 735 732
f 735 739 738
f 739 740 738
f 741 742 740
f 734 749 750
f 730 752 731
f 758 734 750
f 741 743 744
f 712 724 713
f 770 777 775
f 770 773 769
f 772 776 777
f 781 788 782
f 788 783 782
f 787 778 789
f 785 780 783
f 789 779 784
f 718 842 712
f 731 854 851
f 744 853 745
f 716 714 715
f 715 712 713
f 733 737 734
f 823 797 796
f 797 826 799
f 798 826 825
f 807 819 810
f 814 806 805
f 815 808 806
f 807 817 816
f 733 743 736
f 719 720 718
f 842 711 839
f 722 723 866
f 771 769 768
f 842 767 712
f 769 772 770
f 756 754 757
f 855 753 754
f 786 779 780
f 844 728 849
f 843 846 844
f 861 761 860
f 864 746 871
f 763 758 864
f 841 790 767
f 763 747 851
f 722 721 839
f 854 743 733
f 850 749 729
f 854 758 851
f 750 746 758
f 747 748 851
f 749 838 729
f 742 745 852
f 724 790 838
f 721 767 839
f 742 840 719
f 791 722 869
f 870 721 791
f 848 849 760
f 760 868 848
f 762 875 873
f 869 764 791
f 875 792 794
f 870 861 867
f 870 764 759
f 860 765 862
f 679 696 680
f 694 668 673
f 882 690 689
f 669 695 678
f 1123 1160 631
f 1157 889 664
f 883 878 690
f 672 884 666
f 1158 664 888
f 666 687 684
f 1013 1009 1014
f 898 650 892
f 661 651 653
f 655 892 650
f 652 891 663
f 1130 1132 1131
f 652 661 653
f 660 892 651
f 1008 1002 1009
f 1159 1102 628
f 660 664 889
f 631 663 891
f 1135 940 975
f 1019 1136 936
f 1135 938 939
f 1133 939 1136
f 661 888 664
f 630 889 890
f 630 1125 1128
f 1126 631 891
f 1118 630 1128
f 659 634 639
f 658 657 654
f 658 653 651
f 651 655 658
f 623 1132 665
f 656 635 634
f 648 650 642
f 1004 633 1003
f 648 1009 647
f 647 1009 641
f 1022 1014 898
f 641 635 647
f 650 649 655
f 649 647 656
f 659 649 656
f 646 639 634
f 1060 1019 1061
f 1054 1057 937
f 1053 1068 1067
f 911 929 918
f 920 917 928
f 901 904 905
f 909 932 933
f 933 935 908
f 933 908 909
f 935 931 921
f 921 930 920
f 1024 937 1057
f 904 922 911
f 935 924 919
f 923 922 934
f 919 923 934
f 920 928 927
f 926 935 921
f 927 921 920
f 932 920 930
f 1039 1065 1040
f 1046 1017 897
f 1051 1054 937
f 935 903 908
f 908 915 909
f 916 914 913
f 917 910 916
f 918 912 911
f 908 913 914
f 905 912 913
f 904 911 912
f 909 916 910
f 912 916 913
f 929 917 918
f 923 929 922
f 923 927 928
f 925 927 924
f 897 1056 1046
f 1056 896 1019
f 937 1053 1051
f 959 963 945
f 958 961 969
f 941 940 937
f 1108 1017 1048
f 963 940 945
f 976 965 966
f 964 975 963
f 960 964 965
f 961 968 969
f 976 967 962
f 962 968 961
f 961 972 971
f 938 1024 936
f 622 1042 1041
f 905 903 901
f 949 942 943
f 948 957 947
f 958 957 944
f 946 959 945
f 942 947 941
f 941 946 940
f 940 946 945
f 957 943 944
f 946 957 958
f 958 970 959
f 970 964 963
f 964 968 965
f 968 966 965
f 626 1073 1072
f 638 1004 1005
f 645 638 643
f 1003 641 1002
f 606 607 605
f 990 994 991
f 979 982 981
f 986 977 989
f 987 989 990
f 987 985 984
f 987 991 988
f 985 991 994
f 989 993 990
f 980 979 981
f 989 978 992
f 979 986 983
f 986 984 983
f 1116 1136 1134
f 1024 976 942
f 643 639 644
f 645 644 646
f 645 633 640
f 634 645 646
f 1113 1136 1019
f 1016 1115 1114
f 1024 941 937
f 1047 638 1005
f 1047 1005 1010
f 999 997 996
f 996 1021 893
f 1021 997 1016
f 1069 1074 629
f 1092 1090 1089
f 1030 1032 1029
f 1033 1031 1034
f 1027 1031 1030
f 1036 1032 1033
f 1036 1034 1037
f 1026 1032 1035
f 1044 1038 1039
f 1041 1031 1040
f 1043 1038 1044
f 1031 1044 1040
f 1039 1040 1044
f 1090 1094 1091
f 1066 1072 1071
f 1106 1048 1045
f 1046 1045 1048
f 1109 1045 1049
f 629 1073 625
f 1050 1051 1049
f 1045 1050 1049
f 1060 1055 1056
f 1059 1054 1055
f 1061 1057 1060
f 1061 1063 1064
f 1057 1059 1060
f 1054 1050 1055
f 1046 1055 1050
f 1111 1049 1051
f 1067 1052 1053
f 1065 1041 1040
f 1024 1064 1063
f 1084 1077 1078
f 902 900 903
f 1075 1082 1081
f 1074 1079 1073
f 1071 1078 1077
f 1076 1077 1082
f 1075 1080 1074
f 1073 1078 1072
f 1082 1087 1081
f 1080 1085 1079
f 1083 1082 1077
f 1081 1086 1080
f 1085 1078 1079
f 1066 1076 1070
f 1070 1075 1069
f 1095 1093 1092
f 1096 1094 1093
f 1099 1095 1098
f 1099 1097 1096
f 1104 1094 1105
f 1095 1089 1098
f 978 977 982
f 1043 1034 1041
f 1107 1108 1106
f 1110 1109 1111
f 1110 1106 1109
f 627 1039 1052
f 1134 895 1114
f 1115 1022 1117
f 637 643 638
f 1016 1013 1014
f 1029 1027 1030
f 1005 1006 1010
f 1117 898 892
f 1014 642 898
f 1017 1001 899
f 890 1121 1125
f 1128 1124 1127
f 1118 1127 1131
f 1064 1024 1057
f 894 1134 1136
f 1135 623 1068
f 892 1133 1117
f 654 652 653
f 895 1021 1114
f 950 654 657
f 1001 1017 1015
f 1116 1117 1133
f 1114 1116 1134
f 887 890 889
f 1130 891 1129
f 1113 1019 1025
f 1018 1017 899
f 996 1020 995
f 1018 1112 1023
f 657 632 950
f 998 1015 1011
f 995 1018 899
f 1147 1152 1148
f 1146 1151 1147
f 1153 1149 1156
f 1155 1153 1156
f 1151 1149 1152
f 756 599 596
f 1170 1177 1171
f 638 1047 637
f 1168 1175 1169
f 1172 1167 1166
f 1164 1171 1165
f 1169 1170 1164
f 1173 1168 1167
f 1171 1166 1165
f 1175 1180 1181
f 1173 1178 1179
f 1175 1176 1170
f 1174 1179 1180
f 1172 1177 1178
f 1169 1161 1163
f 998 899 1001
f 1023 897 1018
f 998 996 995
f 1012 998 1011
f 974 1130 1129
f 1012 1000 999
f 1114 1021 1016
f 1000 1016 997
f 1015 1006 1011
f 1003 1008 1007
f 1004 1007 1006
f 1008 1012 1007
f 1002 641 1009
f 1006 1012 1011
f 1023 1019 896
f 1025 1112 1113
f 1112 893 895
f 1112 894 1113
f 1140 1142 1141
f 1129 973 974
f 1105 1137 1104
f 857 756 596
f 1125 1120 1124
f 1124 1119 1123
f 1127 1123 1126
f 1127 1130 1131
f 1103 1138 1102
f 1101 1104 1137
f 1105 1097 1102
f 657 919 934
f 902 919 657
f 904 657 934
f 1051 1052 1144
f 1103 1101 1138
f 1041 1042 1043
f 639 900 659
f 1158 1183 1157
f 1146 1147 1110
f 1147 1107 1110
f 1184 1182 1183
f 657 658 902
f 1139 1143 1140
f 1160 1184 1158
f 655 659 658
f 1103 1097 1100
f 1188 1200 1197
f 1187 1195 1186
f 1189 1196 1187
f 1198 1188 1197
f 683 667 681
f 668 683 674
f 684 668 672
f 881 685 667
f 686 881 668
f 691 672 668
f 1121 1139 1140
f 1157 1182 887
f 1160 1142 1143
f 887 1139 1122
f 960 938 1135
f 1135 975 960
f 900 658 659
f 939 1132 1135
f 939 1131 1132
f 1118 939 1133
f 936 939 938
f 1062 936 1063
f 1019 1062 1061
f 936 1024 1063
f 1047 1015 1017
f 1148 639 636
f 903 1155 1156
f 903 1149 901
f 1145 632 657
f 1156 1149 903
f 1146 1149 1150
f 1152 639 1148
f 1154 1155 900
f 639 1154 900
f 900 1155 903
f 1107 1047 1108
f 901 1145 657
f 1148 637 1107
f 1111 1146 1110
f 1137 954 1144
f 1162 1144 954
f 1166 956 952
f 1161 1165 953
f 1167 955 956
f 1165 952 953
f 1168 1163 955
f 1137 1159 951
f 622 1138 1042
f 628 1102 1138
f 728 847 595
f 856 621 727
f 858 597 856
f 728 760 849
f 792 874 794
f 601 762 863
f 757 859 599
f 599 793 874
f 863 765 601
f 727 595 847
f 857 598 858
f 943 972 944
f 942 1213 1212
f 1212 943 942
f 976 962 1213
f 962 971 1213
f 1228 1235 1229
f 1229 1232 1230
f 1234 1225 1236
f 1232 1227 1230
f 1236 1226 1231
f 1233 1226 1227
f 24 23 11
f 7 10 22
f 14 32 41
f 14 15 33
f 6 29 28
f 12 17 25
f 37 36 35
f 16 26 27
f 16 18 23
f 141 140 115
f 142 112 113
f 145 144 119
f 141 116 117
f 147 143 113
f 145 120 121
f 150 149 110
f 151 146 117
f 140 147 114
f 149 148 121
f 150 111 112
f 151 118 119
f 120 132 133
f 111 110 122
f 117 129 130
f 114 126 127
f 110 121 133
f 112 111 123
f 118 130 131
f 115 127 128
f 112 124 125
f 120 119 131
f 117 116 128
f 114 113 125
f 7 276 30
f 9 8 277
f 13 280 33
f 9 278 281
f 10 30 277
f 17 12 279
f 130 137 138
f 17 282 280
f 124 134 135
f 131 138 139
f 15 156 154
f 106 151 144
f 99 150 142
f 109 148 149
f 102 147 140
f 105 146 151
f 98 149 150
f 109 108 145
f 101 143 147
f 105 104 141
f 107 144 145
f 101 100 142
f 103 140 141
f 159 160 157
f 154 156 155
f 13 154 25
f 234 231 222
f 237 235 226
f 233 234 225
f 250 227 229
f 248 225 222
f 249 191 228
f 236 238 229
f 168 167 162
f 169 171 163
f 189 165 168
f 164 173 172
f 170 169 193
f 167 166 161
f 172 181 179
f 163 171 165
f 168 177 176
f 169 178 180
f 165 174 177
f 179 178 169
f 167 176 175
f 180 174 165
f 184 183 175
f 203 205 196
f 185 184 176
f 248 195 224
f 191 247 222
f 195 197 223
f 202 203 194
f 161 199 200
f 250 249 226
f 189 198 204
f 193 163 204
f 192 201 198
f 164 196 205
f 212 214 205
f 192 162 200
f 209 210 201
f 213 211 202
f 210 207 198
f 211 212 203
f 208 209 200
f 207 213 204
f 208 216 217
f 209 217 218
f 226 235 236
f 232 233 224
f 222 231 237
f 232 241 242
f 251 259 257
f 240 245 237
f 233 242 243
f 234 243 240
f 250 257 256
f 254 253 197
f 191 258 252
f 249 256 258
f 252 255 248
f 190 260 259
f 259 268 266
f 255 254 195
f 255 264 263
f 256 265 267
f 261 264 255
f 266 265 256
f 263 262 253
f 258 267 261
f 271 270 262
f 272 271 263
f 270 271 217
f 217 271 272
f 243 242 184
f 242 241 183
f 281 278 215
f 206 215 278
f 260 190 282
f 260 269 268
f 190 251 229
f 214 215 206
f 230 229 238
f 196 172 170
f 284 185 177
f 173 182 181
f 180 187 284
f 286 244 236
f 237 245 286
f 284 240 243
f 11 18 283
f 11 31 279
f 6 35 285
f 21 153 8
f 22 10 8
f 156 15 14
f 5 7 20
f 35 19 155
f 126 125 135
f 132 139 296
f 123 122 291
f 130 129 295
f 126 293 136
f 122 133 296
f 124 123 292
f 127 136 294
f 128 294 295
f 5 152 19
f 7 5 28
f 19 157 160
f 154 160 159
f 20 157 19
f 23 24 25
f 22 158 157
f 22 153 21
f 23 159 158
f 1 221 215
f 2 246 239
f 266 273 3
f 3 274 267
f 269 275 4
f 182 188 43
f 206 277 30
f 230 239 32
f 182 29 285
f 173 164 276
f 179 186 42
f 31 269 260
f 269 31 283
f 230 33 280
f 236 244 2
f 4 273 266
f 212 219 1
f 239 246 41
f 42 187 180
f 173 28 29
f 40 219 212
f 289 220 213
f 213 220 40
f 210 218 289
f 267 274 290
f 290 272 264
f 272 290 289
f 43 186 179
f 39 240 284
f 321 320 308
f 307 319 317
f 311 329 338
f 311 312 330
f 303 326 325
f 309 314 322
f 334 333 332
f 313 323 324
f 315 320 318
f 438 437 412
f 439 409 410
f 441 416 417
f 443 438 413
f 444 440 410
f 445 442 417
f 447 446 407
f 448 443 414
f 437 444 411
f 446 445 418
f 439 447 408
f 448 415 416
f 418 417 429
f 408 407 419
f 415 414 426
f 411 423 424
f 418 430 419
f 408 420 421
f 415 427 428
f 412 424 425
f 409 421 422
f 417 416 428
f 413 425 426
f 411 410 422
f 304 573 327
f 306 305 574
f 310 577 330
f 306 575 578
f 307 327 574
f 314 309 576
f 427 434 435
f 314 579 577
f 421 431 432
f 429 428 435
f 310 312 453
f 403 448 441
f 397 396 447
f 406 445 446
f 399 444 437
f 402 443 448
f 395 446 447
f 405 442 445
f 399 398 440
f 401 438 443
f 404 441 442
f 398 397 439
f 400 437 438
f 456 457 454
f 451 453 452
f 310 451 322
f 531 528 519
f 534 532 523
f 530 531 522
f 547 524 526
f 545 522 519
f 546 488 525
f 533 535 526
f 465 464 459
f 490 466 468
f 462 465 489
f 461 470 469
f 467 466 490
f 464 463 458
f 469 478 476
f 468 462 486
f 465 474 473
f 466 475 477
f 462 471 474
f 476 475 466
f 464 473 472
f 477 471 462
f 481 480 472
f 500 502 493
f 482 481 473
f 545 492 521
f 488 544 519
f 492 494 520
f 499 500 491
f 458 496 497
f 547 546 523
f 460 486 495
f 460 501 499
f 489 498 495
f 461 493 502
f 509 511 502
f 489 459 497
f 497 506 507
f 501 510 508
f 507 504 495
f 499 508 509
f 505 506 497
f 504 510 501
f 505 513 514
f 506 514 515
f 523 532 533
f 529 530 521
f 519 528 534
f 529 538 539
f 556 554 547
f 537 542 534
f 530 539 540
f 531 540 537
f 547 554 553
f 551 550 494
f 555 549 544
f 546 553 555
f 549 552 545
f 487 557 556
f 565 563 554
f 545 552 551
f 552 561 560
f 553 562 564
f 558 561 552
f 563 562 553
f 560 559 550
f 555 564 558
f 568 567 559
f 569 568 560
f 567 568 514
f 568 569 515
f 540 539 481
f 481 539 538
f 578 575 512
f 503 512 575
f 557 487 579
f 557 566 565
f 487 548 526
f 511 512 503
f 527 526 535
f 493 469 467
f 581 482 474
f 470 479 478
f 477 484 581
f 583 541 533
f 534 542 583
f 537 540 482
f 308 315 580
f 308 328 576
f 303 332 582
f 318 450 305
f 319 307 305
f 453 312 311
f 302 304 317
f 332 316 452
f 423 422 432
f 429 436 593
f 419 588 589
f 426 592 434
f 423 590 433
f 419 430 593
f 421 420 589
f 425 424 433
f 425 591 592
f 449 316 303
f 304 302 325
f 452 316 454
f 451 457 456
f 317 454 316
f 320 321 322
f 317 319 455
f 319 450 318
f 320 456 455
f 298 518 512
f 299 543 536
f 563 570 300
f 300 571 564
f 566 572 301
f 479 485 340
f 503 574 327
f 527 536 329
f 479 326 582
f 470 461 573
f 476 483 339
f 328 566 557
f 566 328 580
f 527 330 577
f 533 541 299
f 301 570 563
f 509 516 298
f 536 543 338
f 339 484 477
f 470 325 326
f 337 516 509
f 586 517 510
f 510 517 337
f 507 515 586
f 564 571 587
f 587 569 561
f 569 587 586
f 340 483 476
f 336 537 581
f 616 617 620
f 605 607 608
f 603 606 612
f 613 616 615
f 613 610 611
f 617 616 613
f 617 614 611
f 615 616 619
f 604 603 615
f 612 606 605
f 612 609 610
f 880 878 877
f 682 671 670
f 682 683 681
f 677 676 678
f 676 677 675
f 676 682 669
f 674 683 682
f 673 668 674
f 1119 1120 1141
f 1120 1121 1140
f 1160 1158 888
f 693 692 669
f 678 695 696
f 690 688 687
f 879 880 876
f 880 879 686
f 878 886 885
f 687 688 686
f 690 878 880
f 769 773 774
f 735 715 713
f 735 738 716
f 740 717 716
f 742 719 717
f 747 763 794
f 717 719 718
f 736 741 739
f 724 749 732
f 726 725 710
f 763 864 875
f 734 737 735
f 735 737 739
f 739 741 740
f 741 744 742
f 734 732 749
f 730 751 752
f 758 733 734
f 741 736 743
f 712 767 724
f 770 772 777
f 770 775 773
f 772 771 776
f 781 787 788
f 788 785 783
f 787 781 778
f 785 786 780
f 789 778 779
f 718 720 842
f 731 752 854
f 744 743 853
f 716 717 714
f 715 714 712
f 733 736 737
f 823 824 797
f 797 824 826
f 798 799 826
f 807 816 819
f 814 815 806
f 815 817 808
f 807 808 817
f 719 840 720
f 842 726 711
f 722 839 723
f 842 839 767
f 769 771 772
f 756 855 754
f 855 755 753
f 786 784 779
f 844 846 728
f 843 845 846
f 861 759 761
f 864 758 746
f 763 851 758
f 841 865 790
f 854 853 743
f 850 750 749
f 854 733 758
f 750 850 746
f 747 872 748
f 749 724 838
f 742 744 745
f 724 767 790
f 721 841 767
f 742 852 840
f 791 721 722
f 870 841 721
f 760 869 868
f 762 766 875
f 869 760 764
f 875 766 792
f 870 759 861
f 870 791 764
f 860 761 765
f 694 691 668
f 882 883 690
f 669 692 695
f 1123 1119 1160
f 1157 887 889
f 883 886 878
f 1158 1157 664
f 1013 1008 1009
f 898 642 650
f 661 660 651
f 655 651 892
f 652 1129 891
f 1130 665 1132
f 652 663 661
f 660 630 892
f 1159 1105 1102
f 660 661 664
f 631 888 663
f 1135 937 940
f 661 663 888
f 630 660 889
f 630 890 1125
f 1126 1123 631
f 1118 892 630
f 659 656 634
f 658 654 653
f 623 1135 1132
f 656 647 635
f 1004 640 633
f 648 642 1009
f 1022 1016 1014
f 641 633 635
f 650 648 649
f 649 648 647
f 659 655 649
f 646 644 639
f 1060 1056 1019
f 1054 1058 1057
f 1053 1135 1068
f 911 922 929
f 920 910 917
f 909 910 932
f 933 931 935
f 921 931 930
f 904 934 922
f 935 925 924
f 919 924 923
f 926 925 935
f 927 926 921
f 932 910 920
f 1039 624 1065
f 1046 1048 1017
f 1051 1050 1054
f 935 902 903
f 908 914 915
f 916 915 914
f 918 917 912
f 908 905 913
f 905 904 912
f 909 915 916
f 912 917 916
f 929 928 917
f 923 928 929
f 923 924 927
f 925 926 927
f 897 896 1056
f 937 1135 1053
f 959 970 963
f 958 944 961
f 1108 1047 1017
f 963 975 940
f 976 960 965
f 960 975 964
f 976 966 967
f 962 967 968
f 961 944 972
f 905 908 903
f 949 948 942
f 948 949 957
f 946 958 959
f 942 948 947
f 941 947 946
f 957 949 943
f 946 947 957
f 958 969 970
f 970 969 964
f 964 969 968
f 968 967 966
f 626 625 1073
f 638 640 1004
f 645 640 638
f 1003 633 641
f 990 993 994
f 979 978 982
f 986 980 977
f 987 986 989
f 987 988 985
f 987 990 991
f 985 988 991
f 989 992 993
f 989 977 978
f 979 980 986
f 986 987 984
f 1116 1133 1136
f 1024 938 976
f 643 636 639
f 645 643 644
f 645 635 633
f 634 635 645
f 1113 894 1136
f 1016 1022 1115
f 1024 942 941
f 999 1000 997
f 996 997 1021
f 1069 1075 1074
f 1092 1093 1090
f 1030 1033 1032
f 1033 1030 1031
f 1027 1028 1031
f 1036 1035 1032
f 1036 1033 1034
f 1026 1029 1032
f 1041 1034 1031
f 1043 1042 1038
f 1031 1028 1044
f 1090 1093 1094
f 1066 626 1072
f 1106 1108 1048
f 1109 1106 1045
f 629 1074 1073
f 1045 1046 1050
f 1060 1059 1055
f 1059 1058 1054
f 1061 1064 1057
f 1061 1062 1063
f 1057 1058 1059
f 1046 1056 1055
f 1111 1109 1049
f 1067 627 1052
f 1065 622 1041
f 1084 1083 1077
f 1075 1076 1082
f 1074 1080 1079
f 1071 1072 1078
f 1076 1071 1077
f 1075 1081 1080
f 1073 1079 1078
f 1082 1088 1087
f 1080 1086 1085
f 1083 1088 1082
f 1081 1087 1086
f 1085 1084 1078
f 1066 1071 1076
f 1070 1076 1075
f 1095 1096 1093
f 1096 1097 1094
f 1099 1096 1095
f 1099 1100 1097
f 1104 1091 1094
f 1095 1092 1089
f 1043 1037 1034
f 1110 1107 1106
f 627 624 1039
f 1134 894 895
f 637 636 643
f 1016 1000 1013
f 1029 1026 1027
f 1005 1004 1006
f 1117 1022 898
f 1014 1009 642
f 890 1122 1121
f 1128 1125 1124
f 1118 1128 1127
f 892 1118 1133
f 654 973 652
f 895 893 1021
f 950 973 654
f 1116 1115 1117
f 1114 1115 1116
f 887 1122 890
f 1130 1126 891
f 1018 897 1017
f 996 893 1020
f 1018 1020 1112
f 998 1001 1015
f 995 1020 1018
f 1147 1151 1152
f 1146 1150 1151
f 1153 1152 1149
f 1155 1154 1153
f 1151 1150 1149
f 756 757 599
f 1170 1176 1177
f 1168 1174 1175
f 1172 1173 1167
f 1164 1170 1171
f 1169 1175 1170
f 1173 1174 1168
f 1171 1172 1166
f 1175 1174 1180
f 1173 1172 1178
f 1175 1181 1176
f 1174 1173 1179
f 1172 1171 1177
f 1169 1164 1161
f 998 995 899
f 1023 896 897
f 998 999 996
f 1012 999 998
f 974 665 1130
f 1012 1013 1000
f 1015 1010 1006
f 1003 1002 1008
f 1004 1003 1007
f 1008 1013 1012
f 1006 1007 1012
f 1023 1025 1019
f 1025 1023 1112
f 1112 1020 893
f 1112 895 894
f 1140 1143 1142
f 1129 652 973
f 1125 1121 1120
f 1124 1120 1119
f 1127 1124 1123
f 1127 1126 1130
f 1105 1094 1097
f 902 935 919
f 904 901 657
f 1145 1111 1144
f 1111 1051 1144
f 1051 1053 1052
f 1103 1104 1101
f 1158 1184 1183
f 1147 1148 1107
f 1184 1139 1182
f 1139 1184 1143
f 1160 1143 1184
f 1103 1102 1097
f 1188 1191 1200
f 1187 1196 1195
f 1189 1198 1196
f 1198 1189 1188
f 683 881 667
f 668 881 683
f 684 686 668
f 881 879 685
f 686 879 881
f 691 884 672
f 1121 1122 1139
f 1157 1183 1182
f 1160 1119 1142
f 887 1182 1139
f 960 976 938
f 900 902 658
f 939 1118 1131
f 936 1136 939
f 1019 936 1062
f 1047 1010 1015
f 1145 1162 632
f 1146 901 1149
f 1152 1153 639
f 639 1153 1154
f 1107 637 1047
f 901 1111 1145
f 1148 636 637
f 1111 901 1146
f 1137 951 954
f 1162 1145 1144
f 1166 1167 956
f 1161 1164 1165
f 1167 1168 955
f 1165 1166 952
f 1168 1169 1163
f 1137 1105 1159
f 622 628 1138
f 856 597 621
f 858 598 597
f 728 595 760
f 792 599 874
f 601 766 762
f 599 859 793
f 863 862 765
f 727 621 595
f 857 596 598
f 943 1212 972
f 942 976 1213
f 962 961 971
f 1228 1234 1235
f 1229 1235 1232
f 1234 1228 1225
f 1232 1233 1227
f 1236 1225 1226
f 1233 1231 1226
